Time (s) Run #16	Position (m) Run #16
0,0000	0,1869
0,0250	0,1892
0,0500	0,1914
0,0750	0,1933
0,1000	0,1950
0,1250	0,1964
0,1500	0,1973
0,1750	0,1978
0,2000	0,1978
0,2250	0,1971
0,2500	0,1963
0,2750	0,1947
0,3000	0,1930
0,3250	0,1910
0,3500	0,1887
0,3750	0,1863
0,4000	0,1839
0,4250	0,1817
0,4500	0,1796
0,4750	0,1777
0,5000	0,1763
0,5250	0,1753
0,5500	0,1748
0,5750	0,1746
0,6000	0,1749
0,6250	0,1759
0,6500	0,1773
0,6750	0,1788
0,7000	0,1809
0,7250	0,1831
0,7500	0,1854
0,7750	0,1878
0,8000	0,1902
0,8250	0,1923
0,8500	0,1942
0,8750	0,1957
0,9000	0,1969
0,9250	0,1976
0,9500	0,1978
0,9750	0,1975
1,0000	0,1968
1,0250	0,1956
1,0500	0,1941
1,0750	0,1920
1,1000	0,1899
1,1250	0,1875
1,1500	0,1851
1,1750	0,1829
1,2000	0,1806
1,2250	0,1786
1,2500	0,1770
1,2750	0,1758
1,3000	0,1749
1,3250	0,1746
1,3500	0,1747
1,3750	0,1754
1,4000	0,1764
1,4250	0,1780
1,4500	0,1799
1,4750	0,1819
1,5000	0,1842
1,5250	0,1866
1,5500	0,1888
1,5750	0,1912
1,6000	0,1931
1,6250	0,1948
1,6500	0,1962
1,6750	0,1973
1,7000	0,1978
1,7250	0,1978
1,7500	0,1971
1,7750	0,1963
1,8000	0,1949
1,8250	0,1930
1,8500	0,1911
1,8750	0,1887
1,9000	0,1865
1,9250	0,1841
1,9500	0,1818
1,9750	0,1798
2,0000	0,1779
2,0250	0,1765
2,0500	0,1753
2,0750	0,1748
2,1000	0,1746
2,1250	0,1751
2,1500	0,1759
2,1750	0,1771
2,2000	0,1788
2,2250	0,1807
2,2500	0,1830
2,2750	0,1852
2,3000	0,1876
2,3250	0,1900
2,3500	0,1921
2,3750	0,1940
2,4000	0,1955
2,4250	0,1968
2,4500	0,1974
2,4750	0,1978
2,5000	0,1975
2,5250	0,1968
2,5500	0,1956
2,5750	0,1941
2,6000	0,1922
2,6250	0,1899
2,6500	0,1877
2,6750	0,1853
2,7000	0,1831
2,7250	0,1808
2,7500	0,1787
2,7750	0,1772
2,8000	0,1760
2,8250	0,1751
2,8500	0,1748
2,8750	0,1747
2,9000	0,1754
2,9250	0,1764
2,9500	0,1780
2,9750	0,1797
3,0000	0,1818
3,0250	0,1840
3,0500	0,1864
3,0750	0,1888
3,1000	0,1910
3,1250	0,1929
3,1500	0,1948
3,1750	0,1962
3,2000	0,1971
3,2250	0,1976
3,2500	0,1976
3,2750	0,1971
3,3000	0,1963
3,3250	0,1949
3,3500	0,1932
3,3750	0,1911
3,4000	0,1889
3,4250	0,1865
3,4500	0,1843
3,4750	0,1818
3,5000	0,1798
3,5250	0,1781
3,5500	0,1765
3,5750	0,1755
3,6000	0,1748
3,6250	0,1747
3,6500	0,1751
3,6750	0,1759
3,7000	0,1771
3,7250	0,1787
3,7500	0,1807
3,7750	0,1828
3,8000	0,1852
3,8250	0,1876
3,8500	0,1898
3,8750	0,1919
3,9000	0,1938
3,9250	0,1955
3,9500	0,1966
3,9750	0,1975
4,0000	0,1976
4,0250	0,1975
4,0500	0,1968
4,0750	0,1956
4,1000	0,1941
4,1250	0,1922
4,1500	0,1901
4,1750	0,1879
4,2000	0,1855
4,2250	0,1832
4,2500	0,1810
4,2750	0,1789
4,3000	0,1774
4,3250	0,1760
4,3500	0,1751
4,3750	0,1748
4,4000	0,1747
4,4250	0,1754
4,4500	0,1764
4,4750	0,1778
4,5000	0,1795
4,5250	0,1816
4,5500	0,1840
4,5750	0,1862
4,6000	0,1885
4,6250	0,1909
4,6500	0,1928
4,6750	0,1947
4,7000	0,1961
4,7250	0,1969
4,7500	0,1975
4,7750	0,1976
4,8000	0,1971
4,8250	0,1963
4,8500	0,1949
4,8750	0,1932
4,9000	0,1913
4,9250	0,1891
4,9500	0,1867
4,9750	0,1844
5,0000	0,1820
5,0250	0,1800
5,0500	0,1780
5,0750	0,1767
5,1000	0,1755
5,1250	0,1748
5,1500	0,1746
5,1750	0,1749
5,2000	0,1758
5,2250	0,1770
5,2500	0,1785
5,2750	0,1806
5,3000	0,1826
5,3250	0,1848
5,3500	0,1873
5,3750	0,1895
5,4000	0,1917
5,4250	0,1936
5,4500	0,1952
5,4750	0,1964
5,5000	0,1973
5,5250	0,1975
5,5500	0,1973
5,5750	0,1966
5,6000	0,1956
5,6250	0,1941
5,6500	0,1923
5,6750	0,1903
5,7000	0,1879
5,7250	0,1856
5,7500	0,1834
5,7750	0,1812
5,8000	0,1791
5,8250	0,1775
5,8500	0,1761
5,8750	0,1753
5,9000	0,1747
5,9250	0,1749
5,9500	0,1754
5,9750	0,1764
6,0000	0,1778
6,0250	0,1795
6,0500	0,1816
6,0750	0,1838
6,1000	0,1861
6,1250	0,1885
6,1500	0,1907
6,1750	0,1928
6,2000	0,1945
6,2250	0,1959
6,2500	0,1969
6,2750	0,1975
6,3000	0,1975
6,3250	0,1971
6,3500	0,1963
6,3750	0,1949
6,4000	0,1934
6,4250	0,1913
6,4500	0,1893
6,4750	0,1868
6,5000	0,1846
6,5250	0,1822
6,5500	0,1803
6,5750	0,1784
6,6000	0,1768
6,6250	0,1758
6,6500	0,1751
6,6750	0,1747
6,7000	0,1751
6,7250	0,1759
6,7500	0,1771
6,7750	0,1787
6,8000	0,1806
6,8250	0,1826
6,8500	0,1848
6,8750	0,1873
6,9000	0,1895
6,9250	0,1917
6,9500	0,1936
6,9750	0,1952
7,0000	0,1964
7,0250	0,1973
7,0500	0,1976
7,0750	0,1975
7,1000	0,1968
7,1250	0,1958
7,1500	0,1944
7,1750	0,1925
7,2000	0,1905
7,2250	0,1882
7,2500	0,1858
7,2750	0,1836
7,3000	0,1813
7,3250	0,1793
7,3500	0,1777
7,3750	0,1763
7,4000	0,1755
7,4250	0,1749
7,4500	0,1749
7,4750	0,1754
7,5000	0,1764
7,5250	0,1778
7,5500	0,1795
7,5750	0,1814
7,6000	0,1836
7,6250	0,1859
7,6500	0,1883
7,6750	0,1905
7,7000	0,1926
7,7250	0,1943
7,7500	0,1959
7,7750	0,1968
7,8000	0,1975
7,8250	0,1976
7,8500	0,1971
7,8750	0,1963
7,9000	0,1951
7,9250	0,1934
7,9500	0,1915
7,9750	0,1894
8,0000	0,1870
8,0250	0,1848
8,0500	0,1825
8,0750	0,1805
8,1000	0,1786
8,1250	0,1770
8,1500	0,1758
8,1750	0,1751
8,2000	0,1749
8,2250	0,1751
8,2500	0,1759
8,2750	0,1770
8,3000	0,1785
8,3250	0,1804
8,3500	0,1824
8,3750	0,1847
8,4000	0,1871
8,4250	0,1893
8,4500	0,1916
8,4750	0,1935
8,5000	0,1950
8,5250	0,1962
8,5500	0,1971
8,5750	0,1975
8,6000	0,1973
8,6250	0,1968
8,6500	0,1958
8,6750	0,1944
8,7000	0,1925
8,7250	0,1905
8,7500	0,1882
8,7750	0,1860
8,8000	0,1837
8,8250	0,1815
8,8500	0,1794
8,8750	0,1777
8,9000	0,1765
8,9250	0,1755
8,9500	0,1749
8,9750	0,1749
9,0000	0,1754
9,0250	0,1764
9,0500	0,1776
9,0750	0,1794
9,1000	0,1814
9,1250	0,1836
9,1500	0,1859
9,1750	0,1881
9,2000	0,1904
9,2250	0,1924
9,2500	0,1942
9,2750	0,1957
9,3000	0,1968
9,3250	0,1973
9,3500	0,1975
9,3750	0,1971
9,4000	0,1963
9,4250	0,1951
9,4500	0,1935
9,4750	0,1917
9,5000	0,1894
9,5250	0,1872
9,5500	0,1848
9,5750	0,1825
9,6000	0,1805
9,6250	0,1786
9,6500	0,1772
9,6750	0,1760
9,7000	0,1753
9,7250	0,1749
9,7500	0,1751
9,7750	0,1758
9,8000	0,1770
9,8250	0,1785
9,8500	0,1804
9,8750	0,1823
9,9000	0,1847
9,9250	0,1869
9,9500	0,1892
9,9750	0,1914
10,0000	0,1933
