Time (s) Run #4	Position (m) Run #4
0,0000	0,1756
0,0250	0,1770
0,0500	0,1775
0,0750	0,1773
0,1000	0,1765
0,1250	0,1748
0,1500	0,1727
0,1750	0,1702
0,2000	0,1674
0,2250	0,1645
0,2500	0,1617
0,2750	0,1593
0,3000	0,1574
0,3250	0,1562
0,3500	0,1557
0,3750	0,1556
0,4000	0,1567
0,4250	0,1582
0,4500	0,1603
0,4750	0,1630
0,5000	0,1658
0,5250	0,1685
0,5500	0,1713
0,5750	0,1737
0,6000	0,1756
0,6250	0,1768
0,6500	0,1775
0,6750	0,1774
0,7000	0,1763
0,7250	0,1748
0,7500	0,1727
0,7750	0,1702
0,8000	0,1672
0,8250	0,1645
0,8500	0,1617
0,8750	0,1593
0,9000	0,1574
0,9250	0,1562
0,9500	0,1557
0,9750	0,1558
1,0000	0,1567
1,0250	0,1582
1,0500	0,1604
1,0750	0,1630
1,1000	0,1658
1,1250	0,1685
1,1500	0,1713
1,1750	0,1737
1,2000	0,1756
1,2250	0,1770
1,2500	0,1775
1,2750	0,1774
1,3000	0,1763
1,3250	0,1748
1,3500	0,1727
1,3750	0,1702
1,4000	0,1672
1,4250	0,1643
1,4500	0,1617
1,4750	0,1593
1,5000	0,1574
1,5250	0,1562
1,5500	0,1555
1,5750	0,1556
1,6000	0,1567
1,6250	0,1582
1,6500	0,1604
1,6750	0,1630
1,7000	0,1658
1,7250	0,1685
1,7500	0,1713
1,7750	0,1737
1,8000	0,1756
1,8250	0,1770
1,8500	0,1775
1,8750	0,1774
1,9000	0,1763
1,9250	0,1748
1,9500	0,1727
1,9750	0,1702
2,0000	0,1672
2,0250	0,1643
2,0500	0,1617
2,0750	0,1593
2,1000	0,1574
2,1250	0,1562
2,1500	0,1557
2,1750	0,1558
2,2000	0,1567
2,2250	0,1584
2,2500	0,1604
2,2750	0,1630
2,3000	0,1658
2,3250	0,1687
2,3500	0,1713
2,3750	0,1737
2,4000	0,1756
2,4250	0,1768
2,4500	0,1773
2,4750	0,1772
2,5000	0,1763
2,5250	0,1746
2,5500	0,1726
2,5750	0,1700
2,6000	0,1671
2,6250	0,1643
2,6500	0,1616
2,6750	0,1593
2,7000	0,1574
2,7250	0,1562
2,7500	0,1557
2,7750	0,1558
2,8000	0,1568
2,8250	0,1584
2,8500	0,1604
2,8750	0,1632
2,9000	0,1659
2,9250	0,1687
2,9500	0,1714
2,9750	0,1737
3,0000	0,1756
3,0250	0,1768
3,0500	0,1775
3,0750	0,1772
3,1000	0,1763
3,1250	0,1746
3,1500	0,1726
3,1750	0,1700
3,2000	0,1671
3,2250	0,1643
3,2500	0,1617
3,2750	0,1593
3,3000	0,1574
3,3250	0,1562
3,3500	0,1557
3,3750	0,1558
3,4000	0,1567
3,4250	0,1584
3,4500	0,1604
3,4750	0,1630
3,5000	0,1658
3,5250	0,1687
3,5500	0,1713
3,5750	0,1737
3,6000	0,1756
3,6250	0,1768
3,6500	0,1773
3,6750	0,1772
3,7000	0,1763
3,7250	0,1746
3,7500	0,1726
3,7750	0,1700
3,8000	0,1671
3,8250	0,1643
3,8500	0,1617
3,8750	0,1593
3,9000	0,1574
3,9250	0,1562
3,9500	0,1557
3,9750	0,1560
4,0000	0,1568
4,0250	0,1584
4,0500	0,1606
4,0750	0,1632
4,1000	0,1659
4,1250	0,1687
4,1500	0,1714
4,1750	0,1737
4,2000	0,1756
4,2250	0,1768
4,2500	0,1773
4,2750	0,1772
4,3000	0,1762
4,3250	0,1746
4,3500	0,1724
4,3750	0,1698
4,4000	0,1671
4,4250	0,1643
4,4500	0,1616
4,4750	0,1593
4,5000	0,1574
4,5250	0,1562
4,5500	0,1557
4,5750	0,1558
4,6000	0,1568
4,6250	0,1585
4,6500	0,1606
4,6750	0,1632
4,7000	0,1659
4,7250	0,1689
4,7500	0,1714
4,7750	0,1739
4,8000	0,1756
4,8250	0,1768
4,8500	0,1773
4,8750	0,1772
4,9000	0,1762
4,9250	0,1746
4,9500	0,1724
4,9750	0,1700
5,0000	0,1671
5,0250	0,1643
5,0500	0,1616
5,0750	0,1593
5,1000	0,1574
5,1250	0,1562
5,1500	0,1557
5,1750	0,1558
5,2000	0,1568
5,2250	0,1584
5,2500	0,1606
5,2750	0,1632
5,3000	0,1659
5,3250	0,1687
5,3500	0,1714
5,3750	0,1737
5,4000	0,1756
5,4250	0,1768
5,4500	0,1773
5,4750	0,1772
5,5000	0,1762
5,5250	0,1746
5,5500	0,1724
5,5750	0,1700
5,6000	0,1671
5,6250	0,1643
5,6500	0,1616
5,6750	0,1593
5,7000	0,1576
5,7250	0,1564
5,7500	0,1558
5,7750	0,1560
5,8000	0,1570
5,8250	0,1585
5,8500	0,1606
5,8750	0,1632
5,9000	0,1659
5,9250	0,1687
5,9500	0,1714
5,9750	0,1737
6,0000	0,1756
6,0250	0,1768
6,0500	0,1773
6,0750	0,1770
6,1000	0,1760
6,1250	0,1745
6,1500	0,1722
6,1750	0,1698
6,2000	0,1669
6,2250	0,1641
6,2500	0,1616
6,2750	0,1593
6,3000	0,1574
6,3250	0,1562
6,3500	0,1558
6,3750	0,1560
6,4000	0,1570
6,4250	0,1585
6,4500	0,1608
6,4750	0,1633
6,5000	0,1661
6,5250	0,1689
6,5500	0,1714
6,5750	0,1739
6,6000	0,1756
6,6250	0,1768
6,6500	0,1773
6,6750	0,1770
6,7000	0,1762
6,7250	0,1744
6,7500	0,1724
6,7750	0,1698
6,8000	0,1669
6,8250	0,1641
6,8500	0,1616
6,8750	0,1593
6,9000	0,1574
6,9250	0,1562
6,9500	0,1557
6,9750	0,1558
7,0000	0,1568
7,0250	0,1585
7,0500	0,1606
7,0750	0,1632
7,1000	0,1659
7,1250	0,1689
7,1500	0,1714
7,1750	0,1737
7,2000	0,1756
7,2250	0,1768
7,2500	0,1772
7,2750	0,1770
7,3000	0,1760
7,3250	0,1744
7,3500	0,1724
7,3750	0,1698
7,4000	0,1669
7,4250	0,1641
7,4500	0,1616
7,4750	0,1593
7,5000	0,1576
7,5250	0,1564
7,5500	0,1558
7,5750	0,1562
7,6000	0,1570
7,6250	0,1587
7,6500	0,1608
7,6750	0,1633
7,7000	0,1661
7,7250	0,1689
7,7500	0,1714
7,7750	0,1737
7,8000	0,1756
7,8250	0,1766
7,8500	0,1772
7,8750	0,1770
7,9000	0,1760
7,9250	0,1743
7,9500	0,1722
7,9750	0,1696
8,0000	0,1667
8,0250	0,1641
8,0500	0,1614
8,0750	0,1593
8,1000	0,1574
8,1250	0,1564
8,1500	0,1558
8,1750	0,1562
8,2000	0,1570
8,2250	0,1587
8,2500	0,1608
8,2750	0,1633
8,3000	0,1661
8,3250	0,1689
8,3500	0,1714
8,3750	0,1739
8,4000	0,1756
8,4250	0,1768
8,4500	0,1772
8,4750	0,1770
8,5000	0,1760
8,5250	0,1745
8,5500	0,1722
8,5750	0,1696
8,6000	0,1669
8,6250	0,1641
8,6500	0,1614
8,6750	0,1591
8,7000	0,1574
8,7250	0,1562
8,7500	0,1558
8,7750	0,1560
8,8000	0,1570
8,8250	0,1585
8,8500	0,1608
8,8750	0,1633
8,9000	0,1661
8,9250	0,1689
8,9500	0,1714
8,9750	0,1737
9,0000	0,1754
9,0250	0,1766
9,0500	0,1772
9,0750	0,1768
9,1000	0,1758
9,1250	0,1743
9,1500	0,1720
9,1750	0,1696
9,2000	0,1669
9,2250	0,1641
9,2500	0,1616
9,2750	0,1593
9,3000	0,1574
9,3250	0,1564
9,3500	0,1558
9,3750	0,1562
9,4000	0,1572
9,4250	0,1587
9,4500	0,1608
9,4750	0,1633
9,5000	0,1661
9,5250	0,1689
9,5500	0,1714
9,5750	0,1737
9,6000	0,1754
9,6250	0,1766
9,6500	0,1772
9,6750	0,1768
9,7000	0,1758
9,7250	0,1741
9,7500	0,1721
9,7750	0,1695
9,8000	0,1667
9,8250	0,1640
9,8500	0,1614
9,8750	0,1591
9,9000	0,1574
9,9250	0,1562
9,9500	0,1558
9,9750	0,1560
10,0000	0,1570
10,0250	0,1587
10,0500	0,1608
10,0750	0,1633
10,1000	0,1661
10,1250	0,1689
10,1500	0,1714
10,1750	0,1739
10,2000	0,1756
10,2250	0,1766
10,2500	0,1772
10,2750	0,1768
10,3000	0,1758
10,3250	0,1743
10,3500	0,1721
10,3750	0,1695
10,4000	0,1667
10,4250	0,1640
10,4500	0,1614
10,4750	0,1591
10,5000	0,1574
