Time (s) Run #6	Position (m) Run #6
0,0000	0,1718
0,0250	0,1747
0,0500	0,1776
0,0750	0,1805
0,1000	0,1830
0,1250	0,1850
0,1500	0,1866
0,1750	0,1873
0,2000	0,1875
0,2250	0,1868
0,2500	0,1855
0,2750	0,1836
0,3000	0,1812
0,3250	0,1783
0,3500	0,1753
0,3750	0,1724
0,4000	0,1698
0,4250	0,1674
0,4500	0,1655
0,4750	0,1643
0,5000	0,1637
0,5250	0,1639
0,5500	0,1649
0,5750	0,1665
0,6000	0,1685
0,6250	0,1711
0,6500	0,1740
0,6750	0,1769
0,7000	0,1797
0,7250	0,1823
0,7500	0,1845
0,7750	0,1863
0,8000	0,1871
0,8250	0,1875
0,8500	0,1870
0,8750	0,1858
0,9000	0,1839
0,9250	0,1817
0,9500	0,1789
0,9750	0,1760
1,0000	0,1731
1,0250	0,1703
1,0500	0,1677
1,0750	0,1658
1,1000	0,1644
1,1250	0,1637
1,1500	0,1637
1,1750	0,1644
1,2000	0,1659
1,2250	0,1680
1,2500	0,1704
1,2750	0,1733
1,3000	0,1762
1,3250	0,1792
1,3500	0,1818
1,3750	0,1842
1,4000	0,1859
1,4250	0,1871
1,4500	0,1877
1,4750	0,1873
1,5000	0,1863
1,5250	0,1846
1,5500	0,1824
1,5750	0,1798
1,6000	0,1769
1,6250	0,1740
1,6500	0,1710
1,6750	0,1684
1,7000	0,1664
1,7250	0,1648
1,7500	0,1637
1,7750	0,1636
1,8000	0,1641
1,8250	0,1654
1,8500	0,1671
1,8750	0,1697
1,9000	0,1723
1,9250	0,1752
1,9500	0,1781
1,9750	0,1809
2,0000	0,1835
2,0250	0,1854
2,0500	0,1868
2,0750	0,1875
2,1000	0,1873
2,1250	0,1865
2,1500	0,1851
2,1750	0,1831
2,2000	0,1807
2,2250	0,1777
2,2500	0,1748
2,2750	0,1719
2,3000	0,1693
2,3250	0,1670
2,3500	0,1653
2,3750	0,1641
2,4000	0,1637
2,4250	0,1641
2,4500	0,1651
2,4750	0,1668
2,5000	0,1690
2,5250	0,1716
2,5500	0,1745
2,5750	0,1774
2,6000	0,1802
2,6250	0,1828
2,6500	0,1849
2,6750	0,1863
2,7000	0,1871
2,7250	0,1873
2,7500	0,1866
2,7750	0,1853
2,8000	0,1836
2,8250	0,1812
2,8500	0,1782
2,8750	0,1755
2,9000	0,1726
2,9250	0,1698
2,9500	0,1674
2,9750	0,1657
3,0000	0,1643
3,0250	0,1637
3,0500	0,1639
3,0750	0,1647
3,1000	0,1663
3,1250	0,1685
3,1500	0,1709
3,1750	0,1738
3,2000	0,1768
3,2250	0,1797
3,2500	0,1823
3,2750	0,1843
3,3000	0,1861
3,3250	0,1871
3,3500	0,1875
3,3750	0,1870
3,4000	0,1858
3,4250	0,1841
3,4500	0,1819
3,4750	0,1791
3,5000	0,1762
3,5250	0,1733
3,5500	0,1705
3,5750	0,1679
3,6000	0,1660
3,6250	0,1644
3,6500	0,1637
3,6750	0,1637
3,7000	0,1644
3,7250	0,1658
3,7500	0,1676
3,7750	0,1702
3,8000	0,1730
3,8250	0,1759
3,8500	0,1787
3,8750	0,1814
3,9000	0,1838
3,9250	0,1856
3,9500	0,1870
3,9750	0,1875
4,0000	0,1872
4,0250	0,1863
4,0500	0,1848
4,0750	0,1825
4,1000	0,1800
4,1250	0,1772
4,1500	0,1743
4,1750	0,1714
4,2000	0,1688
4,2250	0,1667
4,2500	0,1650
4,2750	0,1641
4,3000	0,1637
4,3250	0,1642
4,3500	0,1654
4,3750	0,1671
4,4000	0,1695
4,4250	0,1721
4,4500	0,1749
4,4750	0,1780
4,5000	0,1807
4,5250	0,1831
4,5500	0,1850
4,5750	0,1864
4,6000	0,1871
4,6250	0,1872
4,6500	0,1865
4,6750	0,1849
4,7000	0,1831
4,7250	0,1807
4,7500	0,1777
4,7750	0,1750
4,8000	0,1721
4,8250	0,1695
4,8500	0,1672
4,8750	0,1653
4,9000	0,1643
4,9250	0,1639
4,9500	0,1641
4,9750	0,1651
5,0000	0,1668
5,0250	0,1690
5,0500	0,1714
5,0750	0,1743
5,1000	0,1773
5,1250	0,1800
5,1500	0,1826
5,1750	0,1847
5,2000	0,1863
5,2250	0,1871
5,2500	0,1873
5,2750	0,1866
5,3000	0,1855
5,3250	0,1836
5,3500	0,1812
5,3750	0,1784
5,4000	0,1757
5,4250	0,1727
5,4500	0,1700
5,4750	0,1676
5,5000	0,1657
5,5250	0,1644
5,5500	0,1637
5,5750	0,1639
5,6000	0,1646
5,6250	0,1661
5,6500	0,1682
5,6750	0,1707
5,7000	0,1735
5,7250	0,1764
5,7500	0,1793
5,7750	0,1819
5,8000	0,1842
5,8250	0,1859
5,8500	0,1870
5,8750	0,1873
5,9000	0,1870
5,9250	0,1860
5,9500	0,1843
5,9750	0,1820
6,0000	0,1795
6,0250	0,1765
6,0500	0,1736
6,0750	0,1708
6,1000	0,1683
6,1250	0,1664
6,1500	0,1648
6,1750	0,1639
6,2000	0,1637
6,2250	0,1644
6,2500	0,1656
6,2750	0,1675
6,3000	0,1699
6,3250	0,1726
6,3500	0,1756
6,3750	0,1783
6,4000	0,1811
6,4250	0,1835
6,4500	0,1852
6,4750	0,1864
6,5000	0,1871
6,5250	0,1870
6,5500	0,1861
6,5750	0,1846
6,6000	0,1825
6,6250	0,1800
6,6500	0,1772
6,6750	0,1743
6,7000	0,1715
6,7250	0,1689
6,7500	0,1669
6,7750	0,1651
6,8000	0,1641
6,8250	0,1639
6,8500	0,1642
6,8750	0,1654
6,9000	0,1671
6,9250	0,1694
6,9500	0,1719
6,9750	0,1749
7,0000	0,1778
7,0250	0,1804
7,0500	0,1830
7,0750	0,1849
7,1000	0,1863
7,1250	0,1870
7,1500	0,1870
7,1750	0,1863
7,2000	0,1849
7,2250	0,1831
7,2500	0,1807
7,2750	0,1779
7,3000	0,1750
7,3250	0,1721
7,3500	0,1695
7,3750	0,1672
7,4000	0,1655
7,4250	0,1643
7,4500	0,1637
7,4750	0,1641
7,5000	0,1649
7,5250	0,1666
7,5500	0,1687
7,5750	0,1713
7,6000	0,1740
7,6250	0,1769
7,6500	0,1799
7,6750	0,1823
7,7000	0,1845
7,7250	0,1861
7,7500	0,1870
7,7750	0,1873
7,8000	0,1868
7,8250	0,1855
7,8500	0,1837
7,8750	0,1815
7,9000	0,1788
7,9250	0,1758
7,9500	0,1731
7,9750	0,1703
8,0000	0,1679
8,0250	0,1658
8,0500	0,1644
8,0750	0,1639
8,1000	0,1639
8,1250	0,1646
8,1500	0,1659
8,1750	0,1680
8,2000	0,1704
8,2250	0,1731
8,2500	0,1761
8,2750	0,1788
8,3000	0,1814
8,3250	0,1838
8,3500	0,1854
8,3750	0,1866
8,4000	0,1871
8,4250	0,1868
8,4500	0,1858
8,4750	0,1843
8,5000	0,1820
8,5250	0,1795
8,5500	0,1767
8,5750	0,1738
8,6000	0,1710
8,6250	0,1686
8,6500	0,1665
8,6750	0,1650
8,7000	0,1641
8,7250	0,1639
8,7500	0,1644
8,7750	0,1658
8,8000	0,1675
8,8250	0,1699
8,8500	0,1725
8,8750	0,1754
8,9000	0,1781
8,9250	0,1809
8,9500	0,1831
8,9750	0,1850
9,0000	0,1863
9,0250	0,1870
9,0500	0,1868
9,0750	0,1860
9,1000	0,1846
9,1250	0,1825
9,1500	0,1801
9,1750	0,1774
9,2000	0,1745
9,2250	0,1715
9,2500	0,1691
9,2750	0,1669
9,3000	0,1651
9,3250	0,1641
9,3500	0,1639
9,3750	0,1642
9,4000	0,1653
9,4250	0,1670
9,4500	0,1692
9,4750	0,1718
9,5000	0,1747
9,5250	0,1776
9,5500	0,1804
9,5750	0,1828
9,6000	0,1847
9,6250	0,1863
9,6500	0,1870
9,6750	0,1872
9,7000	0,1865
9,7250	0,1851
9,7500	0,1832
9,7750	0,1808
9,8000	0,1781
9,8250	0,1753
9,8500	0,1724
9,8750	0,1698
9,9000	0,1674
9,9250	0,1657
9,9500	0,1644
9,9750	0,1639
10,0000	0,1641
10,0250	0,1649
10,0500	0,1665
10,0750	0,1685
10,1000	0,1709
10,1250	0,1737
10,1500	0,1766
10,1750	0,1793
10,2000	0,1819
10,2250	0,1842
10,2500	0,1857
10,2750	0,1868
10,3000	0,1870
10,3250	0,1866
10,3500	0,1854
10,3750	0,1839
10,4000	0,1815
10,4250	0,1789
