	1123.4.tif
	HLine
0	55
1	57
2	59
3	60
4	60
5	59
6	60
7	58
8	55
9	57
10	56
11	57
12	57
13	58
14	59
15	58
16	59
17	57
18	57
19	58
20	59
21	57
22	57
23	58
24	57
25	58
26	58
27	58
28	58
29	58
30	59
31	59
32	58
33	57
34	55
35	58
36	60
37	59
38	57
39	58
40	58
41	58
42	60
43	58
44	58
45	58
46	58
47	58
48	57
49	58
50	57
51	58
52	58
53	58
54	57
55	58
56	58
57	57
58	55
59	59
60	59
61	59
62	58
63	59
64	56
65	58
66	57
67	58
68	57
69	60
70	60
71	58
72	58
73	58
74	56
75	59
76	59
77	59
78	57
79	58
80	59
81	59
82	59
83	59
84	58
85	58
86	58
87	59
88	57
89	59
90	58
91	58
92	59
93	58
94	57
95	58
96	57
97	58
98	59
99	59
100	57
101	57
102	57
103	58
104	60
105	59
106	58
107	58
108	57
109	59
110	60
111	59
112	58
113	59
114	56
115	59
116	58
117	57
118	59
119	59
120	59
121	58
122	58
123	58
124	58
125	59
126	59
127	58
128	57
129	58
130	58
131	57
132	59
133	58
134	58
135	59
136	61
137	59
138	58
139	59
140	56
141	58
142	59
143	59
144	59
145	59
146	59
147	59
148	59
149	59
150	59
151	59
152	56
153	58
154	59
155	60
156	59
157	59
158	58
159	60
160	58
161	59
162	58
163	59
164	57
165	59
166	59
167	59
168	59
169	58
170	56
171	59
172	59
173	59
174	58
175	58
176	58
177	58
178	57
179	60
180	60
181	60
182	60
183	59
184	59
185	59
186	60
187	59
188	58
189	58
190	59
191	59
192	60
193	58
194	55
195	59
196	57
197	59
198	59
199	59
200	60
201	59
202	58
203	59
204	59
205	60
206	59
207	58
208	58
209	58
210	59
211	58
212	60
213	59
214	57
215	58
216	57
217	59
218	60
219	60
220	58
221	58
222	58
223	59
224	59
225	59
226	58
227	58
228	58
229	59
230	58
231	58
232	56
233	59
234	60
235	59
236	58
237	59
238	60
239	61
240	59
241	59
242	57
243	59
244	58
245	60
246	62
247	61
248	57
249	59
250	60
251	61
252	60
253	61
254	60
255	60
256	63
257	60
258	62
259	61
260	60
261	60
262	61
263	61
264	60
265	61
266	63
267	62
268	61
269	61
270	61
271	60
272	61
273	61
274	62
275	60
276	61
277	61
278	61
279	60
280	60
281	60
282	61
283	60
284	58
285	59
286	60
287	62
288	63
289	63
290	60
291	61
292	62
293	61
294	60
295	60
296	61
297	59
298	57
299	61
300	61
301	61
302	60
303	60
304	59
305	60
306	60
307	60
308	59
309	60
310	59
311	59
312	59
313	58
314	56
315	59
316	60
317	59
318	59
319	60
320	60
321	60
322	59
323	60
324	57
325	59
326	60
327	59
328	58
329	59
330	58
331	59
332	59
333	60
334	61
335	60
336	60
337	59
338	58
339	60
340	60
341	60
342	62
343	61
344	60
345	61
346	61
347	62
348	63
349	61
350	62
351	63
352	60
353	61
354	61
355	62
356	62
357	63
358	63
359	63
360	64
361	63
362	62
363	63
364	64
365	64
366	62
367	63
368	63
369	63
370	63
371	64
372	64
373	64
374	65
375	65
376	64
377	66
378	67
379	66
380	65
381	65
382	65
383	66
384	66
385	65
386	64
387	65
388	65
389	66
390	65
391	66
392	66
393	66
394	66
395	66
396	67
397	67
398	66
399	66
400	65
401	66
402	66
403	65
404	66
405	66
406	67
407	68
408	68
409	67
410	66
411	65
412	65
413	67
414	67
415	68
416	68
417	66
418	66
419	67
420	67
421	68
422	69
423	68
424	65
425	67
426	68
427	68
428	68
429	68
430	67
431	68
432	69
433	69
434	70
435	69
436	70
437	69
438	70
439	70
440	70
441	71
442	70
443	70
444	71
445	71
446	71
447	70
448	69
449	70
450	70
451	70
452	68
453	69
454	69
455	69
456	69
457	69
458	69
459	69
460	68
461	68
462	69
463	70
464	69
465	70
466	69
467	70
468	72
469	71
470	69
471	70
472	71
473	70
474	69
475	69
476	70
477	70
478	69
479	70
480	71
481	69
482	67
483	68
484	67
485	68
486	68
487	67
488	66
489	66
490	66
491	67
492	66
493	66
494	65
495	65
496	64
497	65
498	65
499	65
500	64
501	64
502	63
503	65
504	64
505	64
506	64
507	64
508	64
509	65
510	64
511	66
512	66
513	67
514	67
515	69
516	67
517	69
518	70
519	70
520	71
521	71
522	71
523	72
524	74
525	75
526	75
527	76
528	76
529	78
530	80
531	80
532	80
533	80
534	80
535	82
536	83
537	85
538	87
539	87
540	88
541	90
542	91
543	92
544	92
545	93
546	92
547	93
548	88
549	90
550	93
551	92
552	92
553	92
554	95
555	96
556	98
557	101
558	101
559	103
560	104
561	107
562	107
563	108
564	110
565	113
566	114
567	114
568	117
569	119
570	120
571	120
572	120
573	120
574	122
575	124
576	126
577	128
578	129
579	130
580	131
581	132
582	132
583	133
584	133
585	134
586	135
587	138
588	139
589	139
590	139
591	136
592	138
593	140
594	140
595	142
596	141
597	140
598	144
599	146
600	147
601	149
602	148
603	147
604	147
605	148
606	147
607	148
608	148
609	148
610	146
611	144
612	146
613	148
614	148
615	148
616	148
617	146
618	146
619	145
620	144
621	143
622	146
623	147
624	147
625	147
626	146
627	143
628	143
629	142
630	143
631	143
632	142
633	141
634	141
635	141
636	140
637	136
638	138
639	139
640	136
641	133
642	135
643	134
644	133
645	131
646	130
647	128
648	128
649	126
650	126
651	126
652	124
653	122
654	121
655	120
656	118
657	117
658	115
659	115
660	115
661	114
662	112
663	111
664	108
665	108
666	105
667	104
668	103
669	102
670	101
671	98
672	95
673	94
674	94
675	95
676	97
677	92
678	90
679	93
680	95
681	93
682	91
683	90
684	89
685	88
686	88
687	87
688	86
689	86
690	85
691	84
692	81
693	81
694	81
695	79
696	76
697	77
698	75
699	75
700	76
701	73
702	72
703	72
704	73
705	72
706	71
707	69
708	68
709	69
710	69
711	68
712	67
713	67
714	66
715	65
716	64
717	64
718	64
719	65
720	66
721	66
722	65
723	64
724	64
725	65
726	65
727	66
728	67
729	65
730	65
731	65
732	66
733	65
734	65
735	65
736	66
737	66
738	67
739	66
740	67
741	65
742	65
743	67
744	68
745	68
746	68
747	69
748	68
749	68
750	68
751	69
752	70
753	69
754	68
755	68
756	66
757	68
758	68
759	69
760	70
761	69
762	68
763	69
764	69
765	70
766	69
767	69
768	68
769	70
770	70
771	70
772	69
773	70
774	70
775	71
776	70
777	69
778	68
779	69
780	69
781	70
782	69
783	70
784	68
785	68
786	69
787	69
788	69
789	68
790	67
791	68
792	67
793	69
794	70
795	69
796	68
797	70
798	70
799	69
800	68
801	70
802	69
803	68
804	69
805	70
806	69
807	68
808	67
809	68
810	67
811	68
812	68
813	67
814	68
815	68
816	68
817	69
818	68
819	68
820	68
821	68
822	66
823	68
824	69
825	69
826	67
827	69
828	68
829	67
830	66
831	68
832	69
833	68
834	68
835	67
836	68
837	67
838	66
839	65
840	63
841	64
842	66
843	67
844	66
845	66
846	66
847	66
848	64
849	65
850	65
851	65
852	66
853	64
854	63
855	65
856	65
857	65
858	65
859	63
860	64
861	63
862	64
863	63
864	63
865	62
866	62
867	61
868	61
869	62
870	63
871	62
872	62
873	62
874	61
875	60
876	58
877	61
878	61
879	61
880	60
881	61
882	60
883	60
884	59
885	60
886	61
887	61
888	60
889	59
890	57
891	61
892	60
893	60
894	61
895	60
896	58
897	59
898	59
899	58
900	57
901	59
902	59
903	58
904	57
905	60
906	60
907	59
908	57
909	59
910	58
911	59
912	59
913	61
914	61
915	61
916	60
917	59
918	58
919	58
920	57
921	58
922	57
923	59
924	60
925	60
926	59
927	59
928	58
929	59
930	58
931	59
932	59
933	60
934	61
935	61
936	60
937	59
938	59
939	59
940	60
941	60
942	61
943	61
944	60
945	60
946	60
947	60
948	60
949	60
950	60
951	60
952	59
953	60
954	61
955	59
956	59
957	59
958	58
959	58
960	56
961	58
962	56
963	58
964	59
965	59
966	59
967	59
968	59
969	59
970	59
971	59
972	58
973	59
974	59
975	60
976	60
977	60
978	59
979	59
980	57
981	59
982	59
983	58
984	56
985	59
986	59
987	59
988	58
989	59
990	59
991	59
992	58
993	60
994	59
995	60
996	61
997	59
998	58
999	58
1000	56
1001	58
1002	58
1003	60
1004	60
1005	59
1006	58
1007	58
1008	55
1009	59
1010	60
1011	58
1012	56
1013	57
1014	58
1015	58
1016	58
1017	59
1018	58
1019	58
1020	57
1021	59
1022	60
1023	59
1024	59
1025	59
1026	58
1027	59
1028	60
1029	58
1030	55
1031	58
1032	58
1033	58
1034	56
1035	58
1036	56
1037	59
1038	58
1039	58
1040	58
1041	58
1042	56
1043	58
1044	59
1045	59
1046	57
1047	57
1048	58
1049	58
1050	57
1051	59
1052	59
1053	58
1054	55
1055	58
1056	58
1057	59
1058	62
1059	59
1060	58
1061	58
1062	58
1063	60
1064	59
1065	60
1066	58
1067	59
1068	57
1069	59
1070	60
1071	58
1072	58
1073	58
1074	56
1075	58
1076	58
1077	58
1078	59
1079	59
1080	59
1081	59
1082	59
1083	58
1084	58
1085	59
1086	58
1087	58
1088	58
1089	59
1090	60
1091	58
1092	57
1093	58
1094	60
1095	60
1096	60
1097	58
1098	58
1099	57
1100	58
1101	59
1102	58
1103	58
1104	57
1105	58
1106	60
1107	60
1108	58
1109	59
1110	60
1111	60
1112	60
1113	59
1114	58
1115	58
1116	59
1117	60
1118	58
1119	58
1120	59
1121	58
1122	57
1123	58
1124	60
1125	58
1126	58
1127	59
1128	58
1129	59
1130	60
1131	59
1132	60
1133	58
1134	56
1135	58
1136	58
1137	58
1138	57
1139	58
1140	58
1141	58
1142	59
1143	59
1144	59
1145	59
1146	59
1147	60
1148	59
1149	59
1150	58
1151	59
1152	57
1153	59
1154	56
1155	58
1156	58
1157	58
1158	58
1159	58
1160	58
1161	58
1162	59
1163	58
1164	58
1165	58
1166	58
1167	58
1168	57
1169	58
1170	57
1171	57
1172	58
1173	58
1174	57
1175	58
1176	58
1177	58
1178	57
1179	58
1180	58
1181	58
1182	56
1183	57
1184	57
1185	58
1186	58
1187	57
1188	54
1189	57
1190	55
1191	56
1192	58
1193	58
1194	56
1195	57
1196	58
1197	58
1198	59
1199	58
1200	58
1201	57
1202	55
1203	57
1204	57
1205	59
1206	57
1207	59
1208	58
1209	58
1210	57
1211	58
1212	57
1213	58
1214	58
1215	58
1216	57
1217	59
1218	57
1219	59
1220	60
1221	60
1222	59
1223	59
1224	59
1225	58
1226	58
1227	59
1228	59
1229	59
1230	57
1231	58
1232	56
1233	58
1234	57
1235	57
1236	56
1237	59
1238	58
1239	58
1240	57
1241	59
1242	57
1243	57
1244	57
1245	57
1246	58
1247	58
1248	57
1249	57
1250	56
1251	59
1252	60
1253	57
1254	55
1255	57
1256	56
1257	58
1258	57
1259	57
1260	55
1261	57
1262	57
1263	58
1264	60
1265	58
1266	58
1267	57
1268	56
1269	58
1270	57
1271	58
1272	58
1273	59
1274	59
1275	58
1276	58
1277	58
1278	58
1279	58
1280	57
1281	58
1282	56
1283	57
1284	55
1285	57
1286	55
1287	57
1288	59
1289	57
1290	57
1291	55
1292	55
1293	57
1294	57
1295	58
1296	56
1297	58
1298	58
1299	58
1300	58
1301	58
1302	55
1303	57
1304	55
1305	58
1306	61
1307	59
1308	56
1309	57
1310	58
1311	58
1312	59
1313	59
1314	58
1315	58
1316	55
1317	58
1318	57
1319	57
1320	57
1321	58
1322	58
1323	59
1324	56
1325	57
1326	57
1327	58
1328	60
1329	60
1330	59
1331	60
1332	59
1333	59
1334	59
1335	58
1336	59
1337	57
1338	56
1339	57
1340	57
1341	58
1342	57
1343	57
1344	56
1345	59
1346	58
1347	57
1348	54
1349	57
1350	57
1351	57
1352	58
1353	58
1354	56
1355	56
1356	57
1357	58
1358	55
1359	57
1360	59
1361	57
1362	55
1363	56
1364	55
1365	56
1366	56
1367	57
1368	57
1369	56
1370	55
1371	55
1372	55
1373	56
1374	57
1375	57
1376	55
1377	57
1378	55
1379	58
1380	57
1381	57
1382	56
1383	57
1384	58
1385	58
1386	56
1387	57
1388	58
1389	58
1390	56
1391	56
1392	56
1393	57
1394	56
1395	58
1396	58
1397	57
1398	55
1399	57
1400	56
1401	57
1402	56
1403	57
1404	58
1405	59
1406	60
1407	58
1408	57
1409	57
1410	54
1411	57
1412	58
1413	58
1414	57
1415	57
1416	57
1417	58
1418	58
1419	57
1420	55
1421	58
1422	58
1423	58
1424	56
1425	58
1426	59
1427	57
1428	55
1429	57
1430	58
1431	58
1432	58
1433	58
1434	59
1435	58
1436	56
1437	57
1438	57
1439	57
