	1667.3.tif
	HLine
0	57
1	59
2	58
3	58
4	57
5	59
6	57
7	60
8	60
9	60
10	59
11	60
12	59
13	59
14	59
15	59
16	58
17	60
18	59
19	59
20	60
21	60
22	61
23	59
24	59
25	60
26	59
27	61
28	62
29	62
30	60
31	62
32	61
33	60
34	59
35	60
36	61
37	61
38	60
39	61
40	60
41	61
42	60
43	60
44	59
45	60
46	60
47	60
48	59
49	61
50	60
51	60
52	61
53	61
54	61
55	61
56	62
57	61
58	60
59	60
60	61
61	60
62	60
63	60
64	59
65	60
66	61
67	62
68	60
69	60
70	60
71	61
72	61
73	60
74	61
75	61
76	63
77	63
78	63
79	63
80	63
81	60
82	60
83	60
84	59
85	59
86	58
87	61
88	60
89	59
90	59
91	60
92	58
93	60
94	62
95	60
96	60
97	60
98	59
99	61
100	60
101	60
102	59
103	60
104	60
105	61
106	60
107	61
108	61
109	61
110	60
111	61
112	60
113	61
114	60
115	61
116	60
117	62
118	61
119	62
120	61
121	62
122	63
123	62
124	62
125	62
126	61
127	62
128	62
129	62
130	61
131	63
132	63
133	63
134	63
135	63
136	62
137	63
138	63
139	64
140	63
141	65
142	65
143	66
144	65
145	67
146	67
147	66
148	66
149	65
150	65
151	66
152	67
153	67
154	68
155	68
156	68
157	68
158	68
159	67
160	67
161	66
162	67
163	68
164	69
165	68
166	66
167	68
168	68
169	68
170	67
171	67
172	66
173	68
174	69
175	68
176	69
177	68
178	68
179	68
180	68
181	69
182	70
183	68
184	67
185	68
186	69
187	69
188	68
189	69
190	68
191	70
192	70
193	70
194	69
195	69
196	69
197	69
198	66
199	68
200	69
201	69
202	68
203	69
204	67
205	69
206	67
207	68
208	68
209	69
210	70
211	68
212	69
213	70
214	69
215	69
216	69
217	70
218	70
219	69
220	69
221	70
222	70
223	70
224	70
225	72
226	71
227	72
228	71
229	71
230	72
231	72
232	73
233	72
234	72
235	70
236	69
237	71
238	70
239	70
240	71
241	71
242	73
243	73
244	74
245	73
246	74
247	74
248	73
249	73
250	74
251	74
252	74
253	74
254	75
255	73
256	74
257	72
258	73
259	71
260	71
261	71
262	71
263	70
264	69
265	70
266	68
267	69
268	70
269	70
270	70
271	70
272	68
273	69
274	68
275	68
276	68
277	68
278	69
279	69
280	68
281	68
282	68
283	68
284	67
285	68
286	68
287	68
288	68
289	68
290	69
291	69
292	69
293	69
294	69
295	69
296	69
297	71
298	70
299	71
300	72
301	73
302	74
303	75
304	76
305	78
306	78
307	78
308	79
309	79
310	80
311	83
312	85
313	84
314	85
315	86
316	88
317	90
318	92
319	92
320	91
321	91
322	91
323	91
324	94
325	95
326	97
327	97
328	96
329	96
330	93
331	94
332	95
333	97
334	98
335	101
336	102
337	104
338	104
339	105
340	108
341	109
342	111
343	112
344	114
345	114
346	116
347	117
348	119
349	120
350	121
351	123
352	123
353	123
354	127
355	129
356	129
357	129
358	133
359	135
360	136
361	136
362	137
363	137
364	137
365	138
366	140
367	141
368	143
369	145
370	145
371	146
372	148
373	149
374	149
375	149
376	149
377	149
378	151
379	152
380	151
381	150
382	153
383	155
384	155
385	154
386	155
387	156
388	157
389	156
390	156
391	154
392	157
393	158
394	157
395	156
396	156
397	154
398	156
399	157
400	156
401	156
402	155
403	153
404	155
405	156
406	155
407	155
408	156
409	157
410	157
411	156
412	154
413	151
414	153
415	153
416	151
417	149
418	150
419	149
420	149
421	148
422	147
423	146
424	145
425	143
426	140
427	137
428	139
429	140
430	138
431	137
432	137
433	136
434	133
435	129
436	129
437	129
438	128
439	127
440	126
441	126
442	124
443	120
444	119
445	116
446	114
447	114
448	113
449	112
450	110
451	109
452	108
453	105
454	102
455	103
456	102
457	99
458	97
459	97
460	95
461	96
462	94
463	94
464	92
465	92
466	92
467	93
468	95
469	93
470	90
471	92
472	90
473	90
474	88
475	88
476	87
477	85
478	84
479	83
480	81
481	81
482	81
483	80
484	79
485	78
486	78
487	75
488	75
489	74
490	73
491	72
492	72
493	73
494	72
495	72
496	71
497	70
498	70
499	70
500	69
501	69
502	68
503	68
504	68
505	69
506	70
507	69
508	68
509	68
510	68
511	69
512	69
513	69
514	66
515	68
516	68
517	69
518	70
519	69
520	69
521	71
522	71
523	71
524	71
525	71
526	70
527	71
528	72
529	71
530	71
531	72
532	74
533	72
534	70
535	71
536	71
537	71
538	71
539	71
540	72
541	72
542	72
543	73
544	73
545	74
546	74
547	71
548	71
549	73
550	72
551	71
552	70
553	71
554	70
555	72
556	72
557	71
558	70
559	70
560	70
561	70
562	70
563	70
564	70
565	70
566	69
567	68
568	68
569	68
570	68
571	69
572	68
573	69
574	68
575	67
576	66
577	67
578	68
579	67
580	66
581	67
582	66
583	66
584	66
585	66
586	65
587	66
588	67
589	67
590	67
591	66
592	65
593	66
594	65
595	66
596	65
597	65
598	64
599	64
600	65
601	66
602	66
603	66
604	65
605	66
606	67
607	66
608	65
609	65
610	66
611	66
612	66
613	68
614	68
615	68
616	66
617	67
618	67
619	67
620	66
621	67
622	67
623	67
624	67
625	68
626	68
627	69
628	69
629	67
630	68
631	67
632	67
633	66
634	67
635	67
636	67
637	68
638	67
639	68
640	68
641	67
642	67
643	67
644	67
645	66
646	66
647	67
648	67
649	67
650	66
651	67
652	66
653	67
654	67
655	66
656	66
657	67
658	68
659	65
660	64
661	64
662	65
663	65
664	66
665	65
666	63
667	62
668	61
669	63
670	63
671	63
672	63
673	62
674	61
675	62
676	62
677	63
678	60
679	61
680	62
681	61
682	61
683	61
684	60
685	61
686	61
687	61
688	60
689	60
690	60
691	62
692	62
693	62
694	62
695	61
696	63
697	61
698	61
699	62
700	60
701	61
702	60
703	61
704	60
705	62
706	63
707	62
708	61
709	61
710	61
711	62
712	61
713	60
714	60
715	61
716	62
717	61
718	63
719	62
720	61
721	62
722	64
723	62
724	63
725	62
726	62
727	62
728	62
729	62
730	64
731	61
732	60
733	61
734	64
735	64
736	61
737	60
738	60
739	60
740	61
741	62
742	63
743	62
744	61
745	61
746	63
747	63
748	64
749	64
750	64
751	63
752	61
753	62
754	63
755	63
756	61
757	62
758	63
759	63
760	63
761	63
762	64
763	62
764	60
765	61
766	60
767	61
768	62
769	61
770	61
771	62
772	61
773	63
774	61
775	62
776	63
777	63
778	62
779	62
780	60
781	61
782	61
783	62
784	64
785	62
786	62
787	62
788	61
789	61
790	61
791	61
792	60
793	60
794	59
795	59
796	60
797	62
798	61
799	60
800	59
801	60
802	61
803	61
804	58
805	60
806	60
807	61
808	60
809	60
810	59
811	60
812	57
813	59
814	61
815	60
816	59
817	60
818	60
819	60
820	60
821	59
822	59
823	60
824	57
825	59
826	57
827	58
828	59
829	61
830	61
831	61
832	58
833	60
834	61
835	60
836	59
837	59
838	60
839	60
840	60
841	60
842	60
843	61
844	60
845	60
846	58
847	60
848	59
849	59
850	58
851	60
852	59
853	60
854	59
855	60
856	61
857	60
858	58
859	59
860	60
861	60
862	59
863	59
864	59
865	59
866	58
867	59
868	59
869	59
870	59
871	60
872	58
873	60
874	59
875	57
876	57
877	60
878	59
879	60
880	61
881	62
882	62
883	60
884	59
885	59
886	61
887	60
888	58
889	59
890	59
891	60
892	61
893	61
894	58
895	59
896	59
897	59
898	59
899	59
900	57
901	59
902	58
903	59
904	59
905	60
906	59
907	58
908	57
909	59
910	59
911	59
912	59
913	60
914	62
915	60
916	57
917	59
918	62
919	60
920	59
921	60
922	60
923	60
924	60
925	60
926	59
927	61
928	59
929	59
930	59
931	59
932	60
933	60
934	57
935	59
936	59
937	59
938	57
939	59
940	56
941	58
942	59
943	60
944	59
945	59
946	59
947	59
948	60
949	60
950	60
951	59
952	61
953	59
954	59
955	60
956	57
957	58
958	58
959	58
960	56
961	58
962	56
963	58
964	56
965	58
966	61
967	59
968	58
969	58
970	57
971	59
972	59
973	60
974	60
975	59
976	59
977	60
978	60
979	59
980	59
981	59
982	58
983	58
984	57
985	58
986	59
987	59
988	59
989	60
990	59
991	58
992	58
993	59
994	59
995	58
996	60
997	59
998	60
999	60
1000	59
1001	59
1002	57
1003	59
1004	58
1005	58
1006	56
1007	58
1008	59
1009	59
1010	58
1011	59
1012	59
1013	59
1014	60
1015	59
1016	59
1017	59
1018	59
1019	59
1020	59
1021	59
1022	56
1023	58
1024	57
1025	57
1026	56
1027	58
1028	59
1029	58
1030	58
1031	58
1032	58
1033	57
1034	56
1035	59
1036	59
1037	60
1038	60
1039	59
1040	60
1041	59
1042	58
1043	59
1044	59
1045	59
1046	59
1047	60
1048	59
1049	60
1050	58
1051	58
1052	56
1053	58
1054	58
1055	58
1056	60
1057	59
1058	58
1059	59
1060	60
1061	60
1062	60
1063	59
1064	59
1065	59
1066	59
1067	59
1068	58
1069	58
1070	58
1071	59
1072	59
1073	58
1074	59
1075	58
1076	58
1077	58
1078	56
1079	58
1080	59
1081	58
1082	56
1083	58
1084	59
1085	58
1086	57
1087	58
1088	58
1089	59
1090	57
1091	57
1092	58
1093	59
1094	58
1095	59
1096	58
1097	58
1098	58
1099	59
1100	61
1101	60
1102	60
1103	59
1104	59
1105	59
1106	60
1107	59
1108	58
1109	58
1110	56
1111	59
1112	60
1113	58
1114	59
1115	59
1116	60
1117	60
1118	58
1119	57
1120	57
1121	57
1122	54
1123	56
1124	55
1125	58
1126	58
1127	58
1128	59
1129	59
1130	59
1131	59
1132	57
1133	57
1134	57
1135	57
1136	59
1137	58
1138	56
1139	58
1140	58
1141	58
1142	56
1143	59
1144	59
1145	59
1146	57
1147	58
1148	57
1149	58
1150	57
1151	58
1152	59
1153	58
1154	57
1155	58
1156	58
1157	57
1158	58
1159	60
1160	59
1161	58
1162	58
1163	58
1164	58
1165	58
1166	58
1167	58
1168	56
1169	58
1170	59
1171	58
1172	57
1173	57
1174	57
1175	58
1176	55
1177	57
1178	55
1179	58
1180	58
1181	58
1182	58
1183	59
1184	59
1185	58
1186	56
1187	58
1188	58
1189	58
1190	58
1191	58
1192	60
1193	58
1194	58
1195	58
1196	57
1197	57
1198	55
1199	56
1200	55
1201	58
1202	59
1203	59
1204	59
1205	59
1206	58
1207	58
1208	57
1209	58
1210	58
1211	58
1212	56
1213	57
1214	58
1215	58
1216	56
1217	58
1218	58
1219	58
1220	57
1221	58
1222	58
1223	59
1224	58
1225	59
1226	58
1227	58
1228	57
1229	58
1230	59
1231	58
1232	57
1233	58
1234	55
1235	58
1236	60
1237	59
1238	57
1239	56
1240	56
1241	58
1242	58
1243	57
1244	57
1245	58
1246	57
1247	57
1248	57
1249	56
1250	56
1251	57
1252	58
1253	58
1254	57
1255	57
1256	56
1257	57
1258	56
1259	58
1260	58
1261	57
1262	56
1263	58
1264	56
1265	57
1266	58
1267	57
1268	56
1269	57
1270	58
1271	59
1272	61
1273	58
1274	58
1275	59
1276	59
1277	57
1278	55
1279	57
1280	56
1281	58
1282	58
1283	58
1284	57
1285	57
1286	56
1287	57
1288	59
1289	59
1290	58
1291	58
1292	59
1293	59
1294	57
1295	58
1296	58
1297	58
1298	59
1299	57
1300	55
1301	58
1302	57
1303	58
1304	57
1305	58
1306	58
1307	59
1308	57
1309	57
1310	56
1311	57
1312	58
1313	58
1314	58
1315	58
1316	57
1317	58
1318	56
1319	58
1320	60
1321	60
1322	58
1323	58
1324	57
1325	57
1326	59
1327	58
1328	57
1329	58
1330	58
1331	59
1332	58
1333	58
1334	57
1335	56
1336	58
1337	58
1338	56
1339	55
1340	56
1341	58
1342	57
1343	57
1344	56
1345	57
1346	56
1347	58
1348	59
1349	59
1350	58
1351	58
1352	55
1353	58
1354	60
1355	59
1356	56
1357	57
1358	58
1359	58
1360	58
1361	57
1362	55
1363	57
1364	56
1365	57
1366	55
1367	57
1368	57
1369	57
1370	54
1371	58
1372	57
1373	57
1374	56
1375	57
1376	58
1377	58
1378	59
1379	57
1380	57
1381	58
1382	58
1383	57
1384	56
1385	57
1386	58
1387	57
1388	58
1389	56
1390	55
1391	57
1392	56
1393	57
1394	57
1395	59
1396	58
1397	58
1398	56
1399	57
1400	55
1401	56
1402	53
1403	57
1404	58
1405	57
1406	56
1407	58
1408	57
1409	57
1410	58
1411	58
1412	58
1413	57
1414	59
1415	58
1416	58
1417	58
1418	58
1419	58
1420	57
1421	57
1422	58
1423	58
1424	56
1425	56
1426	57
1427	58
1428	57
1429	57
1430	58
1431	58
1432	58
1433	57
1434	56
1435	56
1436	57
1437	57
1438	56
1439	56
