t (s)	x(t) (m)
0,000	0,13
0,050	0,14
0,100	0,16
0,150	0,19
0,200	0,23
0,250	0,28
0,300	0,33
0,350	0,38
0,400	0,43
0,450	0,48
0,500	0,53
0,550	0,57
0,600	0,61
0,650	0,64
0,700	0,67
0,750	0,69
0,800	0,69
0,850	0,69
0,900	0,68
0,950	0,66
1,000	0,63
1,050	0,60
1,100	0,56
1,150	0,51
1,200	0,46
1,250	0,41
1,300	0,36
1,350	0,31
1,400	0,26
1,450	0,21
1,500	0,18
1,550	0,15
1,600	0,13
1,650	0,12
1,700	0,12
1,750	0,13
1,800	0,15
1,850	0,17
1,900	0,20
1,950	0,25
2,000	0,29
2,050	0,35
2,100	0,40
2,150	0,45
2,200	0,50
2,250	0,54
2,300	0,59
2,350	0,62
2,400	0,65
2,450	0,67
2,500	0,69
2,550	0,69
2,600	0,69
2,650	0,67
2,700	0,65
2,750	0,62
2,800	0,58
2,850	0,54
2,900	0,49
2,950	0,44
3,000	0,39
3,050	0,34
3,100	0,29
3,150	0,24
3,200	0,20
3,250	0,17
3,300	0,15
3,350	0,13
3,400	0,12
3,450	0,13
3,500	0,14
3,550	0,16
3,600	0,18
3,650	0,22
3,700	0,26
3,750	0,31
3,800	0,36
3,850	0,41
3,900	0,46
3,950	0,51
4,000	0,56
4,050	0,60
4,100	0,63
4,150	0,66
4,200	0,68
4,250	0,69
4,300	0,69
4,350	0,68
4,400	0,66
4,450	0,64
4,500	0,61
4,550	0,57
4,600	0,53
4,650	0,48
4,700	0,43
4,750	0,38
4,800	0,32
4,850	0,27
4,900	0,23
4,950	0,19
5,000	0,16
5,050	0,14
5,100	0,13
5,150	0,13
5,200	0,13
5,250	0,14
5,300	0,17
5,350	0,20
5,400	0,23
5,450	0,28
5,500	0,33
5,550	0,38
5,600	0,43
5,650	0,48
5,700	0,53
5,750	0,57
5,800	0,61
5,850	0,64
5,900	0,67
5,950	0,68
6,000	0,69
6,050	0,69
6,100	0,68
6,150	0,66
6,200	0,63
6,250	0,59
6,300	0,55
6,350	0,51
6,400	0,46
6,450	0,41
6,500	0,36
6,550	0,31
6,600	0,26
6,650	0,22
6,700	0,18
6,750	0,16
6,800	0,14
6,850	0,13
6,900	0,13
6,950	0,14
7,000	0,15
7,050	0,18
7,100	0,21
7,150	0,25
7,200	0,30
7,250	0,35
7,300	0,40
7,350	0,45
7,400	0,50
7,450	0,55
7,500	0,59
7,550	0,62
7,600	0,65
7,650	0,67
7,700	0,68
7,750	0,69
7,800	0,68
7,850	0,67
7,900	0,65
7,950	0,62
8,000	0,58
8,050	0,54
8,100	0,49
8,150	0,44
8,200	0,39
8,250	0,34
8,300	0,29
8,350	0,24
8,400	0,20
8,450	0,17
8,500	0,15
8,550	0,14
8,600	0,13
8,650	0,13
8,700	0,14
8,750	0,16
8,800	0,19
8,850	0,23
8,900	0,27
8,950	0,32
9,000	0,37
9,050	0,42
9,100	0,47
9,150	0,52
9,200	0,56
9,250	0,60
9,300	0,63
9,350	0,66
9,400	0,67
9,450	0,68
9,500	0,69
9,550	0,68
9,600	0,66
9,650	0,63
9,700	0,60
9,750	0,56
9,800	0,52
9,850	0,47
9,900	0,42
9,950	0,37
10,000	0,32
10,050	0,27
10,100	0,23
10,150	0,19
10,200	0,16
10,250	0,14
10,300	0,13
10,350	0,13
10,400	0,14
10,450	0,15
10,500	0,17
10,550	0,20
10,600	0,24
10,650	0,29
10,700	0,34
10,750	0,39
10,800	0,44
10,850	0,49
10,900	0,53
10,950	0,57
11,000	0,61
11,050	0,64
11,100	0,66
11,150	0,68
11,200	0,68
11,250	0,68
11,300	0,67
11,350	0,65
11,400	0,62
11,450	0,59
11,500	0,55
11,550	0,50
11,600	0,45
11,650	0,40
11,700	0,35
11,750	0,30
11,800	0,26
11,850	0,22
11,900	0,18
11,950	0,16
12,000	0,14
12,050	0,13
12,100	0,13
12,150	0,14
12,200	0,16
12,250	0,18
12,300	0,22
12,350	0,26
12,400	0,31
12,450	0,36
12,500	0,40
12,550	0,45
12,600	0,50
12,650	0,55
12,700	0,59
12,750	0,62
12,800	0,65
12,850	0,67
12,900	0,68
12,950	0,68
13,000	0,68
13,050	0,66
13,100	0,64
13,150	0,61
13,200	0,57
13,250	0,53
13,300	0,48
13,350	0,43
13,400	0,39
13,450	0,33
13,500	0,29
13,550	0,24
13,600	0,20
13,650	0,17
13,700	0,15
13,750	0,14
13,800	0,13
13,850	0,14
13,900	0,15
13,950	0,17
14,000	0,20
14,050	0,23
14,100	0,28
14,150	0,32
14,200	0,38
14,250	0,42
14,300	0,47
14,350	0,52
14,400	0,56
14,450	0,60
14,500	0,63
14,550	0,66
14,600	0,67
14,650	0,68
14,700	0,68
14,750	0,67
14,800	0,65
14,850	0,63
14,900	0,59
14,950	0,56
15,000	0,51
15,050	0,46
15,100	0,41
15,150	0,37
15,200	0,32
15,250	0,27
15,300	0,23
15,350	0,19
15,400	0,17
15,450	0,15
15,500	0,14
15,550	0,14
15,600	0,14
15,650	0,16
15,700	0,18
15,750	0,21
15,800	0,25
15,850	0,30
15,900	0,35
15,950	0,39
16,000	0,44
16,050	0,49
16,100	0,54
16,150	0,58
16,200	0,61
16,250	0,64
16,300	0,66
16,350	0,67
16,400	0,68
16,450	0,67
16,500	0,66
16,550	0,64
16,600	0,61
16,650	0,58
16,700	0,54
16,750	0,49
16,800	0,45
16,850	0,40
16,900	0,35
16,950	0,30
17,000	0,25
17,050	0,21
17,100	0,18
17,150	0,16
17,200	0,14
17,250	0,14
17,300	0,14
17,350	0,15
17,400	0,17
17,450	0,19
17,500	0,23
17,550	0,27
17,600	0,31
17,650	0,36
17,700	0,41
17,750	0,46
17,800	0,51
17,850	0,55
17,900	0,59
17,950	0,62
18,000	0,65
18,050	0,67
18,100	0,68
18,150	0,68
18,200	0,67
18,250	0,65
18,300	0,63
18,350	0,60
18,400	0,56
18,450	0,52
18,500	0,47
18,550	0,43
18,600	0,38
18,650	0,33
18,700	0,28
18,750	0,24
18,800	0,20
18,850	0,17
18,900	0,15
18,950	0,14
19,000	0,14
19,050	0,14
19,100	0,16
19,150	0,18
19,200	0,21
19,250	0,24
19,300	0,29
19,350	0,33
19,400	0,38
19,450	0,43
19,500	0,48
19,550	0,52
19,600	0,57
19,650	0,60
19,700	0,63
19,750	0,65
19,800	0,67
19,850	0,68
19,900	0,67
19,950	0,66
20,000	0,64
20,050	0,62
20,100	0,59
20,150	0,55
20,200	0,50
20,250	0,46
20,300	0,41
20,350	0,36
20,400	0,31
20,450	0,27
20,500	0,22
20,550	0,19
20,600	0,17
20,650	0,15
20,700	0,14
20,750	0,14
20,800	0,15
20,850	0,16
20,900	0,19
20,950	0,22
21,000	0,26
21,050	0,31
21,100	0,35
21,150	0,40
21,200	0,45
21,250	0,50
21,300	0,54
21,350	0,58
21,400	0,61
21,450	0,64
21,500	0,66
21,550	0,67
21,600	0,67
21,650	0,67
21,700	0,65
21,750	0,63
21,800	0,60
21,850	0,57
21,900	0,53
21,950	0,48
22,000	0,44
22,050	0,39
22,100	0,34
22,150	0,29
22,200	0,25
22,250	0,21
22,300	0,18
22,350	0,16
22,400	0,15
22,450	0,14
22,500	0,14
22,550	0,15
22,600	0,17
22,650	0,20
22,700	0,24
22,750	0,28
22,800	0,32
22,850	0,37
22,900	0,42
22,950	0,47
23,000	0,51
23,050	0,56
23,100	0,59
23,150	0,62
23,200	0,65
23,250	0,66
23,300	0,67
23,350	0,67
23,400	0,66
23,450	0,65
23,500	0,62
23,550	0,59
23,600	0,55
23,650	0,51
23,700	0,47
23,750	0,42
23,800	0,37
23,850	0,32
23,900	0,28
23,950	0,23
24,000	0,20
24,050	0,17
24,100	0,16
24,150	0,15
24,200	0,14
24,250	0,15
24,300	0,16
24,350	0,19
24,400	0,22
24,450	0,25
24,500	0,30
24,550	0,35
24,600	0,39
24,650	0,44
24,700	0,49
24,750	0,53
24,800	0,57
24,850	0,60
24,900	0,63
24,950	0,65
25,000	0,67
25,050	0,67
25,100	0,67
25,150	0,66
25,200	0,64
25,250	0,61
25,300	0,58
25,350	0,54
25,400	0,49
25,450	0,45
25,500	0,40
25,550	0,35
25,600	0,30
25,650	0,26
25,700	0,22
25,750	0,19
25,800	0,17
25,850	0,15
25,900	0,14
25,950	0,15
26,000	0,15
26,050	0,17
26,100	0,20
26,150	0,23
26,200	0,27
26,250	0,32
26,300	0,36
26,350	0,41
26,400	0,46
26,450	0,50
26,500	0,55
26,550	0,58
26,600	0,62
26,650	0,64
26,700	0,66
26,750	0,67
26,800	0,67
26,850	0,66
26,900	0,65
26,950	0,62
27,000	0,60
27,050	0,56
27,100	0,52
27,150	0,47
27,200	0,43
27,250	0,38
27,300	0,33
27,350	0,29
27,400	0,24
27,450	0,21
27,500	0,18
27,550	0,16
27,600	0,15
27,650	0,15
27,700	0,15
27,750	0,16
27,800	0,18
27,850	0,21
27,900	0,25
27,950	0,29
28,000	0,34
28,050	0,38
28,100	0,43
28,150	0,48
28,200	0,52
28,250	0,56
28,300	0,60
28,350	0,63
28,400	0,65
28,450	0,66
28,500	0,67
28,550	0,67
28,600	0,66
28,650	0,64
28,700	0,61
28,750	0,58
28,800	0,54
28,850	0,50
28,900	0,45
28,950	0,41
29,000	0,36
29,050	0,31
29,100	0,27
29,150	0,23
29,200	0,20
29,250	0,17
29,300	0,16
29,350	0,15
29,400	0,15
29,450	0,16
29,500	0,17
29,550	0,19
29,600	0,23
29,650	0,27
29,700	0,31
29,750	0,36
29,800	0,40
29,850	0,45
29,900	0,49
29,950	0,54
30,000	0,58
30,050	0,61
30,100	0,63
30,150	0,65
30,200	0,66
30,250	0,67
30,300	0,66
30,350	0,65
30,400	0,63
30,450	0,60
30,500	0,56
30,550	0,53
30,600	0,48
30,650	0,43
30,700	0,39
30,750	0,34
30,800	0,30
30,850	0,25
30,900	0,22
30,950	0,19
31,000	0,17
31,050	0,15
31,100	0,15
31,150	0,15
31,200	0,16
31,250	0,18
31,300	0,21
31,350	0,24
31,400	0,28
31,450	0,33
31,500	0,38
31,550	0,42
31,600	0,47
31,650	0,51
31,700	0,55
31,750	0,59
31,800	0,62
31,850	0,64
31,900	0,66
31,950	0,66
32,000	0,66
32,050	0,66
32,100	0,64
32,150	0,62
32,200	0,58
32,250	0,55
32,300	0,51
32,350	0,46
32,400	0,42
32,450	0,37
32,500	0,32
32,550	0,28
32,600	0,24
32,650	0,21
32,700	0,18
32,750	0,16
32,800	0,15
32,850	0,15
32,900	0,16
32,950	0,17
33,000	0,19
33,050	0,22
33,100	0,26
33,150	0,30
33,200	0,35
33,250	0,39
33,300	0,44
33,350	0,49
33,400	0,53
33,450	0,57
33,500	0,60
33,550	0,63
33,600	0,65
33,650	0,66
33,700	0,66
33,750	0,66
33,800	0,65
33,850	0,63
33,900	0,60
33,950	0,57
34,000	0,53
34,050	0,49
34,100	0,44
34,150	0,40
34,200	0,35
34,250	0,30
34,300	0,26
34,350	0,22
34,400	0,19
34,450	0,17
34,500	0,16
34,550	0,15
34,600	0,15
34,650	0,16
34,700	0,18
34,750	0,21
34,800	0,24
34,850	0,28
34,900	0,32
34,950	0,37
35,000	0,41
35,050	0,46
35,100	0,50
35,150	0,55
35,200	0,58
35,250	0,61
35,300	0,64
35,350	0,65
35,400	0,66
35,450	0,66
35,500	0,66
35,550	0,64
35,600	0,62
35,650	0,59
35,700	0,55
35,750	0,51
35,800	0,47
35,850	0,42
35,900	0,38
35,950	0,33
36,000	0,29
36,050	0,25
36,100	0,21
36,150	0,19
36,200	0,17
36,250	0,16
36,300	0,15
36,350	0,16
36,400	0,17
36,450	0,19
36,500	0,22
36,550	0,26
36,600	0,30
36,650	0,34
36,700	0,39
36,750	0,43
36,800	0,48
36,850	0,52
36,900	0,56
36,950	0,59
37,000	0,62
37,050	0,64
37,100	0,66
37,150	0,66
37,200	0,66
37,250	0,65
37,300	0,63
37,350	0,61
37,400	0,57
37,450	0,54
37,500	0,49
37,550	0,45
37,600	0,40
37,650	0,36
37,700	0,31
37,750	0,27
37,800	0,23
37,850	0,20
37,900	0,18
37,950	0,16
38,000	0,15
38,050	0,16
38,100	0,16
38,150	0,18
38,200	0,20
38,250	0,23
38,300	0,27
38,350	0,32
38,400	0,36
38,450	0,41
38,500	0,45
38,550	0,50
38,600	0,54
38,650	0,57
38,700	0,61
38,750	0,63
38,800	0,65
38,850	0,66
38,900	0,66
38,950	0,65
39,000	0,64
39,050	0,62
39,100	0,59
39,150	0,56
39,200	0,52
39,250	0,48
39,300	0,43
39,350	0,39
39,400	0,34
39,450	0,30
39,500	0,26
39,550	0,22
39,600	0,19
39,650	0,17
39,700	0,16
39,750	0,16
39,800	0,16
39,850	0,17
39,900	0,19
39,950	0,22
40,000	0,25
40,050	0,29
40,100	0,34
40,150	0,38
40,200	0,43
40,250	0,47
40,300	0,51
40,350	0,55
40,400	0,59
40,450	0,62
40,500	0,64
40,550	0,65
40,600	0,66
40,650	0,66
40,700	0,65
40,750	0,63
40,800	0,61
40,850	0,58
40,900	0,54
40,950	0,50
41,000	0,46
41,050	0,41
41,100	0,37
41,150	0,32
41,200	0,28
41,250	0,24
41,300	0,21
41,350	0,18
41,400	0,17
41,450	0,16
41,500	0,16
41,550	0,16
41,600	0,18
41,650	0,20
41,700	0,23
41,750	0,27
41,800	0,31
41,850	0,36
41,900	0,40
41,950	0,45
42,000	0,49
42,050	0,53
42,100	0,57
42,150	0,60
42,200	0,63
42,250	0,64
42,300	0,65
42,350	0,66
42,400	0,65
42,450	0,64
42,500	0,62
42,550	0,59
42,600	0,56
42,650	0,52
42,700	0,48
42,750	0,44
42,800	0,39
42,850	0,35
42,900	0,30
42,950	0,26
43,000	0,23
43,050	0,20
43,100	0,18
43,150	0,16
43,200	0,16
43,250	0,16
43,300	0,17
43,350	0,19
43,400	0,21
43,450	0,25
43,500	0,29
43,550	0,33
43,600	0,38
43,650	0,42
43,700	0,46
43,750	0,51
43,800	0,55
43,850	0,58
43,900	0,61
43,950	0,63
44,000	0,65
44,050	0,66
44,100	0,65
44,150	0,65
44,200	0,63
44,250	0,61
44,300	0,58
44,350	0,54
44,400	0,50
44,450	0,46
44,500	0,42
44,550	0,37
44,600	0,33
44,650	0,29
44,700	0,25
44,750	0,21
44,800	0,19
44,850	0,17
44,900	0,16
44,950	0,16
45,000	0,17
45,050	0,18
45,100	0,20
45,150	0,23
45,200	0,27
45,250	0,31
45,300	0,35
45,350	0,39
45,400	0,44
45,450	0,48
45,500	0,52
45,550	0,56
45,600	0,59
45,650	0,62
45,700	0,64
45,750	0,65
45,800	0,65
45,850	0,65
45,900	0,64
45,950	0,62
46,000	0,60
46,050	0,56
46,100	0,53
46,150	0,49
46,200	0,44
46,250	0,40
46,300	0,35
46,350	0,31
46,400	0,27
46,450	0,23
46,500	0,20
46,550	0,18
46,600	0,17
46,650	0,16
46,700	0,16
46,750	0,17
46,800	0,19
46,850	0,21
46,900	0,25
46,950	0,28
47,000	0,33
47,050	0,37
47,100	0,41
47,150	0,46
47,200	0,50
47,250	0,54
47,300	0,58
47,350	0,60
47,400	0,63
47,450	0,64
47,500	0,65
47,550	0,65
47,600	0,65
47,650	0,63
47,700	0,61
47,750	0,58
47,800	0,55
47,850	0,51
47,900	0,47
47,950	0,42
48,000	0,38
48,050	0,33
48,100	0,29
48,150	0,25
48,200	0,22
48,250	0,19
48,300	0,17
48,350	0,16
48,400	0,16
48,450	0,17
48,500	0,18
48,550	0,20
48,600	0,23
48,650	0,26
48,700	0,30
48,750	0,35
48,800	0,39
48,850	0,43
48,900	0,48
48,950	0,52
49,000	0,56
49,050	0,59
49,100	0,61
49,150	0,63
49,200	0,65
49,250	0,65
49,300	0,65
49,350	0,64
49,400	0,62
49,450	0,60
49,500	0,57
49,550	0,53
49,600	0,49
49,650	0,45
49,700	0,40
49,750	0,36
49,800	0,31
49,850	0,27
49,900	0,24
49,950	0,21
50,000	0,19
50,050	0,17
50,100	0,16
50,150	0,16
50,200	0,17
50,250	0,19
50,300	0,21
50,350	0,24
50,400	0,28
50,450	0,32
50,500	0,37
50,550	0,41
50,600	0,45
50,650	0,50
50,700	0,54
50,750	0,57
50,800	0,60
50,850	0,62
50,900	0,64
50,950	0,65
51,000	0,65
51,050	0,64
51,100	0,63
51,150	0,61
51,200	0,58
51,250	0,55
51,300	0,51
51,350	0,47
51,400	0,43
51,450	0,38
51,500	0,34
51,550	0,30
51,600	0,26
51,650	0,22
51,700	0,20
51,750	0,18
51,800	0,17
51,850	0,16
51,900	0,17
51,950	0,18
52,000	0,20
52,050	0,23
52,100	0,26
52,150	0,30
52,200	0,34
52,250	0,39
52,300	0,43
52,350	0,47
52,400	0,51
52,450	0,55
52,500	0,58
52,550	0,61
52,600	0,63
52,650	0,64
52,700	0,65
52,750	0,65
52,800	0,64
52,850	0,62
52,900	0,60
52,950	0,57
53,000	0,53
53,050	0,49
53,100	0,45
53,150	0,41
53,200	0,36
53,250	0,32
53,300	0,28
53,350	0,24
53,400	0,21
53,450	0,19
53,500	0,17
53,550	0,17
53,600	0,17
53,650	0,17
53,700	0,19
53,750	0,21
53,800	0,24
53,850	0,28
53,900	0,32
53,950	0,36
54,000	0,40
54,050	0,45
54,100	0,49
54,150	0,53
54,200	0,57
54,250	0,60
54,300	0,62
54,350	0,64
54,400	0,65
54,450	0,65
54,500	0,64
54,550	0,63
54,600	0,61
54,650	0,58
54,700	0,55
54,750	0,51
54,800	0,47
54,850	0,43
54,900	0,39
54,950	0,35
55,000	0,30
55,050	0,26
55,100	0,23
55,150	0,20
55,200	0,18
55,250	0,17
55,300	0,17
55,350	0,17
55,400	0,18
55,450	0,20
55,500	0,22
55,550	0,26
55,600	0,30
55,650	0,34
55,700	0,38
55,750	0,42
55,800	0,47
55,850	0,51
55,900	0,55
55,950	0,58
56,000	0,61
56,050	0,63
56,100	0,64
56,150	0,65
56,200	0,65
56,250	0,64
56,300	0,62
56,350	0,60
56,400	0,57
56,450	0,53
56,500	0,50
56,550	0,45
56,600	0,41
56,650	0,37
56,700	0,33
56,750	0,28
56,800	0,25
56,850	0,22
56,900	0,19
56,950	0,18
57,000	0,17
57,050	0,17
57,100	0,17
57,150	0,19
57,200	0,21
57,250	0,24
57,300	0,28
57,350	0,31
57,400	0,36
57,450	0,40
57,500	0,44
57,550	0,49
57,600	0,53
57,650	0,56
57,700	0,59
57,750	0,61
57,800	0,63
57,850	0,64
57,900	0,65
57,950	0,64
58,000	0,63
58,050	0,61
58,100	0,58
58,150	0,55
58,200	0,52
58,250	0,48
58,300	0,43
58,350	0,39
58,400	0,35
58,450	0,31
58,500	0,27
58,550	0,23
58,600	0,21
58,650	0,19
58,700	0,17
58,750	0,17
58,800	0,17
58,850	0,18
58,900	0,20
58,950	0,22
59,000	0,26
59,050	0,29
59,100	0,33
59,150	0,38
59,200	0,42
59,250	0,46
59,300	0,50
59,350	0,54
59,400	0,57
59,450	0,60
59,500	0,62
59,550	0,64
59,600	0,64
59,650	0,64
59,700	0,64
59,750	0,62
59,800	0,60
59,850	0,57
59,900	0,54
59,950	0,50
60,000	0,46
60,050	0,41
60,100	0,37
60,150	0,33
60,200	0,29
60,250	0,25
60,300	0,22
60,350	0,20
60,400	0,18
60,450	0,17
60,500	0,17
60,550	0,18
60,600	0,19
60,650	0,21
60,700	0,24
60,750	0,27
60,800	0,31
60,850	0,36
60,900	0,40
60,950	0,44
61,000	0,48
61,050	0,52
61,100	0,56
61,150	0,59
61,200	0,61
61,250	0,63
61,300	0,64
61,350	0,64
61,400	0,64
61,450	0,63
61,500	0,61
61,550	0,59
61,600	0,55
61,650	0,52
61,700	0,48
61,750	0,44
61,800	0,40
61,850	0,35
61,900	0,31
61,950	0,27
62,000	0,24
62,050	0,21
62,100	0,19
62,150	0,18
62,200	0,17
62,250	0,17
62,300	0,18
62,350	0,20
62,400	0,22
62,450	0,26
62,500	0,29
62,550	0,33
62,600	0,38
62,650	0,42
62,700	0,46
62,750	0,50
62,800	0,54
62,850	0,57
62,900	0,60
62,950	0,62
63,000	0,63
63,050	0,64
63,100	0,64
63,150	0,63
63,200	0,62
63,250	0,60
63,300	0,57
63,350	0,54
63,400	0,50
63,450	0,46
63,500	0,42
63,550	0,38
63,600	0,33
63,650	0,29
63,700	0,26
63,750	0,23
63,800	0,20
63,850	0,18
63,900	0,17
63,950	0,17
64,000	0,18
64,050	0,19
64,100	0,21
64,150	0,24
64,200	0,27
64,250	0,31
64,300	0,35
64,350	0,39
64,400	0,44
64,450	0,48
64,500	0,52
64,550	0,55
64,600	0,58
64,650	0,61
64,700	0,63
64,750	0,64
64,800	0,64
64,850	0,64
64,900	0,63
64,950	0,61
65,000	0,59
65,050	0,56
65,100	0,52
65,150	0,48
65,200	0,44
65,250	0,40
65,300	0,36
65,350	0,31
65,400	0,28
65,450	0,24
65,500	0,21
65,550	0,19
65,600	0,18
65,650	0,17
65,700	0,18
65,750	0,18
65,800	0,20
65,850	0,22
65,900	0,26
65,950	0,29
66,000	0,33
66,050	0,37
66,100	0,41
66,150	0,46
66,200	0,50
66,250	0,53
66,300	0,57
66,350	0,59
66,400	0,62
66,450	0,63
66,500	0,64
66,550	0,64
66,600	0,63
66,650	0,62
66,700	0,60
66,750	0,57
66,800	0,54
66,850	0,50
66,900	0,46
66,950	0,42
67,000	0,38
67,050	0,34
67,100	0,30
67,150	0,26
67,200	0,23
67,250	0,20
67,300	0,19
67,350	0,18
67,400	0,17
67,450	0,18
67,500	0,19
67,550	0,21
67,600	0,24
67,650	0,27
67,700	0,31
67,750	0,35
67,800	0,39
67,850	0,43
67,900	0,47
67,950	0,51
68,000	0,55
68,050	0,58
68,100	0,60
68,150	0,62
68,200	0,63
68,250	0,64
68,300	0,64
68,350	0,63
68,400	0,61
68,450	0,59
68,500	0,56
68,550	0,52
68,600	0,48
68,650	0,44
68,700	0,40
68,750	0,36
68,800	0,32
68,850	0,28
68,900	0,25
68,950	0,22
69,000	0,20
69,050	0,18
69,100	0,18
69,150	0,18
69,200	0,19
69,250	0,20
69,300	0,22
69,350	0,25
69,400	0,29
69,450	0,33
69,500	0,37
69,550	0,41
69,600	0,45
69,650	0,49
69,700	0,53
69,750	0,56
69,800	0,59
69,850	0,61
69,900	0,63
69,950	0,64
70,000	0,64
70,050	0,63
70,100	0,62
70,150	0,60
70,200	0,57
70,250	0,54
70,300	0,50
70,350	0,46
70,400	0,42
70,450	0,38
70,500	0,34
70,550	0,30
70,600	0,26
70,650	0,23
70,700	0,21
70,750	0,19
70,800	0,18
70,850	0,18
70,900	0,18
70,950	0,19
71,000	0,21
71,050	0,24
71,100	0,27
71,150	0,31
71,200	0,35
71,250	0,39
71,300	0,43
71,350	0,47
71,400	0,51
71,450	0,55
71,500	0,58
71,550	0,60
71,600	0,62
71,650	0,63
71,700	0,64
71,750	0,63
71,800	0,62
71,850	0,61
71,900	0,58
71,950	0,56
72,000	0,52
72,050	0,48
72,100	0,44
72,150	0,40
72,200	0,36
72,250	0,32
72,300	0,28
72,350	0,25
72,400	0,22
72,450	0,20
72,500	0,19
72,550	0,18
72,600	0,18
72,650	0,19
72,700	0,20
72,750	0,23
72,800	0,26
72,850	0,29
72,900	0,33
72,950	0,37
73,000	0,41
73,050	0,45
73,100	0,49
73,150	0,53
73,200	0,56
73,250	0,59
73,300	0,61
73,350	0,63
73,400	0,63
73,450	0,63
73,500	0,63
73,550	0,62
73,600	0,60
73,650	0,57
73,700	0,54
73,750	0,50
73,800	0,46
73,850	0,42
73,900	0,39
73,950	0,34
74,000	0,30
74,050	0,27
74,100	0,24
74,150	0,21
74,200	0,19
74,250	0,18
74,300	0,18
74,350	0,18
74,400	0,20
74,450	0,21
74,500	0,24
74,550	0,27
74,600	0,31
74,650	0,35
74,700	0,39
74,750	0,43
74,800	0,47
74,850	0,51
74,900	0,54
74,950	0,57
75,000	0,60
75,050	0,62
75,100	0,63
75,150	0,63
75,200	0,63
75,250	0,62
75,300	0,61
75,350	0,58
75,400	0,56
75,450	0,52
75,500	0,49
75,550	0,45
75,600	0,40
75,650	0,37
75,700	0,32
75,750	0,29
75,800	0,25
75,850	0,22
75,900	0,20
75,950	0,19
76,000	0,18
76,050	0,18
76,100	0,19
76,150	0,20
76,200	0,23
76,250	0,26
76,300	0,29
76,350	0,33
76,400	0,37
76,450	0,41
76,500	0,45
76,550	0,49
76,600	0,52
76,650	0,56
76,700	0,59
76,750	0,61
76,800	0,62
76,850	0,63
76,900	0,63
76,950	0,63
77,000	0,61
77,050	0,60
77,100	0,57
77,150	0,54
77,200	0,50
77,250	0,47
77,300	0,43
77,350	0,39
77,400	0,35
77,450	0,31
77,500	0,27
77,550	0,24
77,600	0,21
77,650	0,20
77,700	0,19
77,750	0,18
77,800	0,19
77,850	0,20
77,900	0,21
77,950	0,24
78,000	0,27
78,050	0,31
78,100	0,35
78,150	0,39
78,200	0,43
78,250	0,47
78,300	0,51
78,350	0,54
78,400	0,57
78,450	0,60
78,500	0,61
78,550	0,63
78,600	0,63
78,650	0,63
78,700	0,62
78,750	0,61
78,800	0,58
78,850	0,56
78,900	0,52
78,950	0,49
79,000	0,45
79,050	0,41
79,100	0,37
79,150	0,33
79,200	0,29
79,250	0,25
79,300	0,23
79,350	0,21
79,400	0,19
79,450	0,18
79,500	0,18
79,550	0,19
79,600	0,21
79,650	0,23
79,700	0,26
79,750	0,29
79,800	0,33
79,850	0,37
79,900	0,41
79,950	0,45
80,000	0,49
80,050	0,52
80,100	0,56
80,150	0,58
80,200	0,60
80,250	0,62
80,300	0,63
80,350	0,63
80,400	0,63
80,450	0,61
80,500	0,59
80,550	0,57
80,600	0,54
80,650	0,50
80,700	0,47
80,750	0,43
80,800	0,39
80,850	0,35
80,900	0,31
80,950	0,27
81,000	0,24
81,050	0,22
81,100	0,20
81,150	0,19
81,200	0,18
81,250	0,19
81,300	0,20
81,350	0,22
81,400	0,24
81,450	0,27
81,500	0,31
81,550	0,35
81,600	0,39
81,650	0,43
81,700	0,47
81,750	0,50
81,800	0,54
81,850	0,57
81,900	0,59
81,950	0,61
82,000	0,62
82,050	0,63
82,100	0,63
82,150	0,62
82,200	0,60
82,250	0,58
82,300	0,55
82,350	0,52
82,400	0,49
82,450	0,45
82,500	0,41
82,550	0,37
82,600	0,33
82,650	0,29
82,700	0,26
82,750	0,23
82,800	0,21
82,850	0,19
82,900	0,19
82,950	0,19
83,000	0,19
83,050	0,21
83,100	0,23
83,150	0,26
83,200	0,29
83,250	0,33
83,300	0,37
83,350	0,41
83,400	0,45
83,450	0,48
83,500	0,52
83,550	0,55
83,600	0,58
83,650	0,60
83,700	0,62
83,750	0,63
83,800	0,63
83,850	0,62
83,900	0,61
83,950	0,59
84,000	0,57
84,050	0,54
84,100	0,50
84,150	0,47
84,200	0,43
84,250	0,39
84,300	0,35
84,350	0,31
84,400	0,27
84,450	0,24
84,500	0,22
84,550	0,20
84,600	0,19
84,650	0,19
84,700	0,19
84,750	0,20
84,800	0,22
84,850	0,24
84,900	0,27
84,950	0,31
85,000	0,35
85,050	0,39
85,100	0,43
85,150	0,47
85,200	0,50
85,250	0,54
85,300	0,57
85,350	0,59
85,400	0,61
85,450	0,62
85,500	0,63
85,550	0,63
85,600	0,62
85,650	0,60
85,700	0,58
85,750	0,55
85,800	0,52
85,850	0,49
85,900	0,45
85,950	0,41
86,000	0,37
86,050	0,33
86,100	0,29
86,150	0,26
86,200	0,23
86,250	0,21
86,300	0,20
86,350	0,19
86,400	0,19
86,450	0,20
86,500	0,21
86,550	0,23
86,600	0,26
86,650	0,29
86,700	0,33
86,750	0,37
86,800	0,40
86,850	0,44
86,900	0,48
86,950	0,52
87,000	0,55
87,050	0,58
87,100	0,60
87,150	0,62
87,200	0,62
87,250	0,63
87,300	0,62
87,350	0,61
87,400	0,59
87,450	0,57
87,500	0,54
87,550	0,50
87,600	0,47
87,650	0,43
87,700	0,39
87,750	0,35
87,800	0,31
87,850	0,28
87,900	0,24
87,950	0,22
88,000	0,20
88,050	0,19
88,100	0,19
88,150	0,19
88,200	0,20
88,250	0,22
88,300	0,24
88,350	0,28
88,400	0,31
88,450	0,35
88,500	0,39
88,550	0,43
88,600	0,46
88,650	0,50
88,700	0,54
88,750	0,57
88,800	0,59
88,850	0,61
88,900	0,62
88,950	0,63
89,000	0,62
89,050	0,62
89,100	0,60
89,150	0,58
89,200	0,55
89,250	0,52
89,300	0,49
89,350	0,45
89,400	0,41
89,450	0,37
89,500	0,33
89,550	0,29
89,600	0,26
89,650	0,23
89,700	0,21
89,750	0,20
89,800	0,19
89,850	0,19
89,900	0,20
89,950	0,21
90,000	0,23
90,050	0,26
90,100	0,29
90,150	0,33
90,200	0,37
90,250	0,40
90,300	0,44
90,350	0,48
90,400	0,52
90,450	0,55
90,500	0,58
90,550	0,60
90,600	0,61
90,650	0,62
90,700	0,62
90,750	0,62
90,800	0,61
90,850	0,59
90,900	0,57
90,950	0,54
91,000	0,50
91,050	0,47
91,100	0,43
91,150	0,39
91,200	0,35
91,250	0,31
91,300	0,28
91,350	0,25
91,400	0,22
91,450	0,20
91,500	0,19
91,550	0,19
91,600	0,19
91,650	0,20
91,700	0,22
91,750	0,25
91,800	0,28
91,850	0,31
91,900	0,35
91,950	0,39
92,000	0,42
92,050	0,46
92,100	0,50
92,150	0,53
92,200	0,56
92,250	0,59
92,300	0,61
92,350	0,62
92,400	0,62
92,450	0,62
92,500	0,61
92,550	0,60
92,600	0,58
92,650	0,55
92,700	0,52
92,750	0,48
92,800	0,45
92,850	0,41
92,900	0,37
92,950	0,33
93,000	0,30
93,050	0,26
93,100	0,23
93,150	0,21
93,200	0,20
93,250	0,19
93,300	0,19
93,350	0,20
93,400	0,21
93,450	0,23
93,500	0,26
93,550	0,29
93,600	0,33
93,650	0,37
93,700	0,41
93,750	0,44
93,800	0,48
93,850	0,52
93,900	0,55
93,950	0,58
94,000	0,60
94,050	0,61
94,100	0,62
94,150	0,62
94,200	0,62
94,250	0,61
94,300	0,59
94,350	0,56
94,400	0,53
94,450	0,50
94,500	0,47
94,550	0,43
94,600	0,39
94,650	0,35
94,700	0,31
94,750	0,28
94,800	0,25
94,850	0,22
94,900	0,21
94,950	0,20
95,000	0,19
95,050	0,20
95,100	0,21
95,150	0,22
95,200	0,25
95,250	0,28
95,300	0,31
95,350	0,35
95,400	0,39
95,450	0,43
95,500	0,46
95,550	0,50
95,600	0,53
95,650	0,56
95,700	0,59
95,750	0,60
95,800	0,62
95,850	0,62
95,900	0,62
95,950	0,61
96,000	0,60
96,050	0,58
96,100	0,55
96,150	0,52
96,200	0,48
96,250	0,45
96,300	0,41
96,350	0,37
96,400	0,33
96,450	0,30
96,500	0,26
96,550	0,24
96,600	0,22
96,650	0,20
96,700	0,19
96,750	0,19
96,800	0,20
96,850	0,22
96,900	0,24
96,950	0,26
97,000	0,30
97,050	0,33
97,100	0,37
97,150	0,41
97,200	0,44
97,250	0,48
97,300	0,52
97,350	0,55
97,400	0,57
97,450	0,60
97,500	0,61
97,550	0,62
97,600	0,62
97,650	0,62
97,700	0,60
97,750	0,59
97,800	0,56
97,850	0,53
97,900	0,50
97,950	0,46
98,000	0,43
98,050	0,39
98,100	0,35
98,150	0,31
98,200	0,28
98,250	0,25
98,300	0,23
98,350	0,21
98,400	0,20
98,450	0,19
98,500	0,20
98,550	0,21
98,600	0,23
98,650	0,25
98,700	0,28
98,750	0,31
98,800	0,35
98,850	0,39
98,900	0,43
98,950	0,46
99,000	0,50
99,050	0,53
99,100	0,56
99,150	0,58
99,200	0,60
99,250	0,61
99,300	0,62
99,350	0,62
99,400	0,61
99,450	0,59
99,500	0,57
99,550	0,55
99,600	0,52
99,650	0,48
99,700	0,44
99,750	0,41
99,800	0,37
99,850	0,33
99,900	0,30
99,950	0,27
100,000	0,24
100,050	0,22
100,100	0,20
100,150	0,20
100,200	0,20
100,250	0,20
100,300	0,22
100,350	0,24
100,400	0,27
100,450	0,30
100,500	0,33
100,550	0,37
100,600	0,41
100,650	0,44
100,700	0,48
100,750	0,52
100,800	0,55
100,850	0,57
100,900	0,59
100,950	0,61
101,000	0,62
101,050	0,62
101,100	0,61
101,150	0,60
101,200	0,58
101,250	0,56
101,300	0,53
101,350	0,50
101,400	0,46
101,450	0,43
101,500	0,39
101,550	0,35
101,600	0,31
101,650	0,28
101,700	0,25
101,750	0,23
101,800	0,21
101,850	0,20
101,900	0,20
101,950	0,20
102,000	0,21
102,050	0,23
102,100	0,25
102,150	0,28
102,200	0,31
102,250	0,35
102,300	0,39
102,350	0,43
102,400	0,46
102,450	0,50
102,500	0,53
102,550	0,56
102,600	0,58
102,650	0,60
102,700	0,61
102,750	0,62
102,800	0,62
102,850	0,61
102,900	0,59
102,950	0,57
103,000	0,55
103,050	0,51
103,100	0,48
103,150	0,44
103,200	0,41
103,250	0,37
103,300	0,33
103,350	0,30
103,400	0,27
103,450	0,24
103,500	0,22
103,550	0,21
103,600	0,20
103,650	0,20
103,700	0,21
103,750	0,22
103,800	0,24
103,850	0,27
103,900	0,30
103,950	0,33
104,000	0,37
104,050	0,41
104,100	0,45
104,150	0,48
104,200	0,52
104,250	0,55
104,300	0,57
104,350	0,59
104,400	0,61
104,450	0,61
104,500	0,62
104,550	0,61
104,600	0,60
104,650	0,58
104,700	0,56
104,750	0,53
104,800	0,50
104,850	0,46
104,900	0,42
104,950	0,39
105,000	0,35
105,050	0,31
105,100	0,28
105,150	0,25
105,200	0,23
105,250	0,21
105,300	0,20
105,350	0,20
105,400	0,20
105,450	0,21
105,500	0,23
105,550	0,25
105,600	0,28
105,650	0,32
105,700	0,35
105,750	0,39
105,800	0,43
105,850	0,46
105,900	0,50
105,950	0,53
106,000	0,56
106,050	0,58
106,100	0,60
106,150	0,61
106,200	0,62
106,250	0,61
106,300	0,60
106,350	0,59
106,400	0,57
106,450	0,54
106,500	0,51
106,550	0,48
106,600	0,44
106,650	0,40
106,700	0,37
106,750	0,33
106,800	0,30
106,850	0,27
106,900	0,24
106,950	0,22
107,000	0,21
107,050	0,20
107,100	0,20
107,150	0,21
107,200	0,22
107,250	0,24
107,300	0,27
107,350	0,30
107,400	0,34
107,450	0,37
107,500	0,41
107,550	0,45
107,600	0,48
107,650	0,52
107,700	0,55
107,750	0,57
107,800	0,59
107,850	0,61
107,900	0,61
107,950	0,61
108,000	0,61
108,050	0,60
108,100	0,58
108,150	0,56
108,200	0,53
108,250	0,50
108,300	0,46
108,350	0,42
108,400	0,39
108,450	0,35
108,500	0,31
108,550	0,28
108,600	0,25
108,650	0,23
108,700	0,21
108,750	0,20
108,800	0,20
108,850	0,20
108,900	0,22
108,950	0,23
109,000	0,26
109,050	0,29
109,100	0,32
109,150	0,36
109,200	0,39
109,250	0,43
109,300	0,47
109,350	0,50
109,400	0,53
109,450	0,56
109,500	0,58
109,550	0,60
109,600	0,61
109,650	0,61
109,700	0,61
109,750	0,60
109,800	0,59
109,850	0,57
109,900	0,54
109,950	0,51
110,000	0,48
110,050	0,44
110,100	0,40
110,150	0,37
110,200	0,33
110,250	0,30
110,300	0,27
110,350	0,24
110,400	0,22
110,450	0,21
110,500	0,20
110,550	0,20
110,600	0,21
110,650	0,22
110,700	0,25
110,750	0,27
110,800	0,30
110,850	0,34
110,900	0,38
110,950	0,41
111,000	0,45
111,050	0,48
111,100	0,52
111,150	0,55
111,200	0,57
111,250	0,59
111,300	0,60
111,350	0,61
111,400	0,61
111,450	0,61
111,500	0,59
111,550	0,58
111,600	0,55
111,650	0,52
111,700	0,49
111,750	0,46
111,800	0,42
111,850	0,39
111,900	0,35
111,950	0,31
112,000	0,28
112,050	0,25
112,100	0,23
112,150	0,21
112,200	0,21
112,250	0,20
112,300	0,21
112,350	0,22
112,400	0,24
112,450	0,26
112,500	0,29
112,550	0,32
112,600	0,36
112,650	0,39
112,700	0,43
112,750	0,47
112,800	0,50
112,850	0,53
112,900	0,56
112,950	0,58
113,000	0,60
113,050	0,61
113,100	0,61
113,150	0,61
113,200	0,60
113,250	0,58
113,300	0,56
113,350	0,54
113,400	0,51
113,450	0,47
113,500	0,44
113,550	0,40
113,600	0,37
113,650	0,33
113,700	0,30
113,750	0,27
113,800	0,24
113,850	0,22
113,900	0,21
113,950	0,20
114,000	0,21
114,050	0,21
114,100	0,23
114,150	0,25
114,200	0,28
114,250	0,31
114,300	0,34
114,350	0,38
114,400	0,41
114,450	0,45
114,500	0,48
114,550	0,52
114,600	0,55
114,650	0,57
114,700	0,59
114,750	0,60
114,800	0,61
114,850	0,61
114,900	0,60
114,950	0,59
115,000	0,57
115,050	0,55
115,100	0,52
115,150	0,49
115,200	0,46
115,250	0,42
115,300	0,38
115,350	0,35
115,400	0,31
115,450	0,28
115,500	0,25
115,550	0,23
115,600	0,22
115,650	0,21
115,700	0,20
115,750	0,21
115,800	0,22
115,850	0,24
115,900	0,26
115,950	0,29
116,000	0,32
116,050	0,36
116,100	0,40
116,150	0,43
116,200	0,47
116,250	0,50
116,300	0,53
116,350	0,56
116,400	0,58
116,450	0,60
116,500	0,61
116,550	0,61
116,600	0,61
116,650	0,60
116,700	0,58
116,750	0,56
116,800	0,54
116,850	0,51
116,900	0,47
116,950	0,44
117,000	0,40
117,050	0,37
117,100	0,33
117,150	0,30
117,200	0,27
117,250	0,24
117,300	0,22
117,350	0,21
117,400	0,21
117,450	0,21
117,500	0,22
117,550	0,23
117,600	0,25
117,650	0,28
117,700	0,31
117,750	0,34
117,800	0,38
117,850	0,41
117,900	0,45
117,950	0,49
118,000	0,52
118,050	0,55
118,100	0,57
118,150	0,59
118,200	0,60
118,250	0,61
118,300	0,61
118,350	0,60
118,400	0,59
118,450	0,57
118,500	0,55
118,550	0,52
118,600	0,49
118,650	0,45
118,700	0,42
118,750	0,38
118,800	0,35
118,850	0,31
118,900	0,28
118,950	0,25
119,000	0,23
119,050	0,22
119,100	0,21
119,150	0,21
119,200	0,21
119,250	0,22
119,300	0,24
119,350	0,27
119,400	0,29
119,450	0,33
119,500	0,36
119,550	0,40
119,600	0,43
119,650	0,47
119,700	0,50
119,750	0,53
119,800	0,56
119,850	0,58
119,900	0,60
119,950	0,60
120,000	0,61
