Time (s) Run #1	Position (m) Run #1
0,000	0,25954
0,050	0,23707
0,100	0,22030
0,150	0,20904
0,200	0,20398
0,250	0,20494
0,300	0,21226
0,350	0,22542
0,400	0,24407
0,450	0,26805
0,500	0,29633
0,550	0,32784
0,600	0,36359
0,650	0,39687
0,700	0,43122
0,750	0,46475
0,800	0,49623
0,850	0,52593
0,900	0,54997
0,950	0,56888
1,000	0,58231
1,050	0,59008
1,100	0,59166
1,150	0,58740
1,200	0,57691
1,250	0,56089
1,300	0,53991
1,350	0,51260
1,400	0,48251
1,450	0,45016
1,500	0,41582
1,550	0,38333
1,600	0,34743
1,650	0,31393
1,700	0,28389
1,750	0,25746
1,800	0,23586
1,850	0,21961
1,900	0,20903
1,950	0,20466
2,000	0,20648
2,050	0,21414
2,100	0,22799
2,150	0,24733
2,200	0,27148
2,250	0,30010
2,300	0,33196
2,350	0,36772
2,400	0,40065
2,450	0,43483
2,500	0,46821
2,550	0,49900
2,600	0,52783
2,650	0,55154
2,700	0,56976
2,750	0,58267
2,800	0,58976
2,850	0,59066
2,900	0,58552
2,950	0,57469
3,000	0,55816
3,050	0,53647
3,100	0,50881
3,150	0,47873
3,200	0,44602
3,250	0,41168
3,300	0,37936
3,350	0,34362
3,400	0,31065
3,450	0,28112
3,500	0,25539
3,550	0,23430
3,600	0,21891
3,650	0,20902
3,700	0,20534
3,750	0,20785
3,800	0,21619
3,850	0,23056
3,900	0,25042
3,950	0,27508
4,000	0,30404
4,050	0,33608
4,100	0,37168
4,150	0,40408
4,200	0,43845
4,250	0,47131
4,300	0,50180
4,350	0,52885
4,400	0,55311
4,450	0,57064
4,500	0,58288
4,550	0,58909
4,600	0,58947
4,650	0,58383
4,700	0,57213
4,750	0,55507
4,800	0,53304
4,850	0,50502
4,900	0,47476
4,950	0,44206
5,000	0,40771
5,050	0,37557
5,100	0,33982
5,150	0,30754
5,200	0,27853
5,250	0,25331
5,300	0,23309
5,350	0,21821
5,400	0,20919
5,450	0,20619
5,500	0,20939
5,550	0,21842
5,600	0,23330
5,650	0,25367
5,700	0,27885
5,750	0,30799
5,800	0,34005
5,850	0,37457
5,900	0,40803
5,950	0,44224
6,000	0,47476
6,050	0,50451
6,100	0,53287
6,150	0,55467
6,200	0,57170
6,250	0,58307
6,300	0,58860
6,350	0,58829
6,400	0,58195
6,450	0,56973
6,500	0,55216
6,550	0,52961
6,600	0,50106
6,650	0,47080
6,700	0,43791
6,750	0,40410
6,800	0,37159
6,850	0,33619
6,900	0,30443
6,950	0,27594
7,000	0,25140
7,050	0,23187
7,100	0,21768
7,150	0,20952
7,200	0,20721
7,250	0,21092
7,300	0,22065
7,350	0,23621
7,400	0,25710
7,450	0,28263
7,500	0,31211
7,550	0,34414
7,600	0,37993
7,650	0,41198
7,700	0,44603
7,750	0,47803
7,800	0,50745
7,850	0,53495
7,900	0,55624
7,950	0,57258
8,000	0,58327
8,050	0,58794
8,100	0,58694
8,150	0,57990
8,200	0,56717
8,250	0,54912
8,300	0,52476
8,350	0,49710
8,400	0,46667
8,450	0,43376
8,500	0,40070
8,550	0,36621
8,600	0,33256
8,650	0,30132
8,700	0,27334
8,750	0,24950
8,800	0,23066
8,850	0,21733
8,900	0,20986
8,950	0,20824
9,000	0,21281
9,050	0,22322
9,100	0,23930
9,150	0,26053
9,200	0,28658
9,250	0,31605
9,300	0,34861
9,350	0,38422
9,400	0,41612
9,450	0,44964
9,500	0,48130
9,550	0,51040
9,600	0,53703
9,650	0,55782
9,700	0,57329
9,750	0,58330
9,800	0,58728
9,850	0,58541
9,900	0,57786
9,950	0,56443
10,000	0,54587
10,050	0,52062
10,100	0,49314
10,150	0,46253
10,200	0,42959
10,250	0,39780
10,300	0,36206
10,350	0,32911
10,400	0,29838
10,450	0,27092
10,500	0,24777
10,550	0,22962
10,600	0,21698
10,650	0,21019
10,700	0,20943
10,750	0,21452
10,800	0,22561
10,850	0,24238
10,900	0,26413
10,950	0,29035
11,000	0,32017
11,050	0,35308
11,100	0,38835
11,150	0,42007
11,200	0,45326
11,250	0,48458
11,300	0,51298
11,350	0,53929
11,400	0,55922
11,450	0,57383
11,500	0,58314
11,550	0,58661
11,600	0,58406
11,650	0,57564
11,700	0,56170
11,750	0,54244
11,800	0,51683
11,850	0,48919
11,900	0,45822
11,950	0,42528
12,000	0,39348
12,050	0,35809
12,100	0,32548
12,150	0,29527
12,200	0,26850
12,250	0,24604
12,300	0,22857
12,350	0,21662
12,400	0,21053
12,450	0,21045
12,500	0,21640
12,550	0,22819
12,600	0,24547
12,650	0,26773
12,700	0,29429
12,750	0,32447
12,800	0,35685
12,850	0,39229
12,900	0,42403
12,950	0,45687
13,000	0,48769
13,050	0,51541
13,100	0,54102
13,150	0,56044
13,200	0,57455
13,250	0,58299
13,300	0,58578
13,350	0,58253
13,400	0,57343
13,450	0,55879
13,500	0,53900
13,550	0,51305
13,600	0,48505
13,650	0,45409
13,700	0,42096
13,750	0,38969
13,800	0,35447
13,850	0,32185
13,900	0,29215
13,950	0,26608
14,000	0,24430
14,050	0,22753
14,100	0,21644
14,150	0,21104
14,200	0,21165
14,250	0,21828
14,300	0,23058
14,350	0,24856
14,400	0,27116
14,450	0,29824
14,500	0,32858
14,550	0,36115
14,600	0,39642
14,650	0,42799
14,700	0,46049
14,750	0,49080
14,800	0,51818
14,850	0,54311
14,900	0,56166
14,950	0,57509
15,000	0,58268
15,050	0,58460
15,100	0,58066
15,150	0,57103
15,200	0,55588
15,250	0,53557
15,300	0,50927
15,350	0,48110
15,400	0,44978
15,450	0,41683
15,500	0,38551
15,550	0,35225
15,600	0,31857
15,650	0,28921
15,700	0,26383
15,750	0,24257
15,800	0,22666
15,850	0,21626
15,900	0,21172
15,950	0,21302
16,000	0,22034
16,050	0,23333
16,100	0,25164
16,150	0,27493
16,200	0,30236
16,250	0,33267
16,300	0,36723
16,350	0,39897
16,400	0,43177
16,450	0,46394
16,500	0,49388
16,550	0,52166
16,600	0,54485
16,650	0,56272
16,700	0,57546
16,750	0,58236
16,800	0,58359
16,850	0,57896
16,900	0,56864
16,950	0,55300
17,000	0,53106
17,050	0,50567
17,100	0,47679
17,150	0,44564
17,200	0,41269
17,250	0,38139
17,300	0,34705
17,350	0,31511
17,400	0,28645
17,450	0,26158
17,500	0,24101
17,550	0,22596
17,600	0,21625
17,650	0,21239
17,700	0,21456
17,750	0,22256
17,800	0,23607
17,850	0,25507
17,900	0,27870
17,950	0,30647
18,000	0,33696
18,050	0,37153
18,100	0,40274
18,150	0,43573
18,200	0,46756
18,250	0,49701
18,300	0,52338
18,350	0,54676
18,400	0,56395
18,450	0,57583
18,500	0,58204
18,550	0,58258
18,600	0,57726
18,650	0,56625
18,700	0,55010
18,750	0,52728
18,800	0,50171
18,850	0,47266
18,900	0,44133
18,950	0,40838
19,000	0,37726
19,050	0,34290
19,100	0,31183
19,150	0,28368
19,200	0,25933
19,250	0,23963
19,300	0,22509
19,350	0,21624
19,400	0,21324
19,450	0,21610
19,500	0,22462
19,550	0,23898
19,600	0,25850
19,650	0,28248
19,700	0,31042
19,750	0,34128
19,800	0,37443
19,850	0,40669
19,900	0,43969
19,950	0,47100
20,000	0,50013
20,050	0,52527
20,100	0,54851
20,150	0,56483
20,200	0,57602
20,250	0,58155
20,300	0,58123
20,350	0,57522
20,400	0,56369
20,450	0,54685
20,500	0,52332
20,550	0,49758
20,600	0,46853
20,650	0,43702
20,700	0,40424
20,750	0,37312
20,800	0,33892
20,850	0,30837
20,900	0,28092
20,950	0,25725
21,000	0,23824
21,050	0,22439
21,100	0,21640
21,150	0,21410
21,200	0,21763
21,250	0,22701
21,300	0,24189
21,350	0,26193
21,400	0,28642
21,450	0,31470
21,500	0,34589
21,550	0,38012
21,600	0,41099
21,650	0,44365
21,700	0,47445
21,750	0,50284
21,800	0,52947
21,850	0,55007
21,900	0,56589
21,950	0,57622
22,000	0,58106
22,050	0,58004
22,100	0,57335
22,150	0,56094
22,200	0,54377
22,250	0,51972
22,300	0,49345
22,350	0,46422
22,400	0,43269
22,450	0,40099
22,500	0,36915
22,550	0,33512
22,600	0,30509
22,650	0,27815
22,700	0,25517
22,750	0,23685
22,800	0,22387
22,850	0,21657
22,900	0,21494
22,950	0,21934
23,000	0,22941
23,050	0,24498
23,100	0,26535
23,150	0,29037
23,200	0,31900
23,250	0,35000
23,300	0,38460
23,350	0,41512
23,400	0,44744
23,450	0,47808
23,500	0,50578
23,550	0,53190
23,600	0,55182
23,650	0,56677
23,700	0,57642
23,750	0,58039
23,800	0,57869
23,850	0,57130
23,900	0,55838
23,950	0,54050
24,000	0,51628
24,050	0,48967
24,100	0,46009
24,150	0,42835
24,200	0,39773
24,250	0,36518
24,300	0,33149
24,350	0,30198
24,400	0,27556
24,450	0,25327
24,500	0,23581
24,550	0,22351
24,600	0,21690
24,650	0,21614
24,700	0,22105
24,750	0,23181
24,800	0,24806
24,850	0,26913
24,900	0,29449
24,950	0,32329
25,000	0,35447
25,050	0,38871
25,100	0,41942
25,150	0,45140
25,200	0,48153
25,250	0,50876
25,300	0,53256
25,350	0,55339
25,400	0,56765
25,450	0,57661
25,500	0,57990
25,550	0,57734
25,600	0,56925
25,650	0,55582
25,700	0,53724
25,750	0,51250
25,800	0,48571
25,850	0,45596
25,900	0,42404
25,950	0,39362
26,000	0,35963
26,050	0,32787
26,100	0,29887
26,150	0,27296
26,200	0,25136
26,250	0,23459
26,300	0,22316
26,350	0,21741
26,400	0,21733
26,450	0,22311
26,500	0,23438
26,550	0,25115
26,600	0,27290
26,650	0,29860
26,700	0,32756
26,750	0,35964
26,800	0,39318
26,850	0,42354
26,900	0,45519
26,950	0,48480
27,000	0,51148
27,050	0,53641
27,100	0,55496
27,150	0,56836
27,200	0,57664
27,250	0,57907
27,300	0,57581
27,350	0,56704
27,400	0,55291
27,450	0,53397
27,500	0,50907
27,550	0,48158
27,600	0,45165
27,650	0,41973
27,700	0,38967
27,750	0,35530
27,800	0,32424
27,850	0,29576
27,900	0,27054
27,950	0,24963
28,000	0,23355
28,050	0,22298
28,100	0,21774
28,150	0,21853
28,200	0,22499
28,250	0,23712
28,300	0,25440
28,350	0,27650
28,400	0,30255
28,450	0,33187
28,500	0,36343
28,550	0,39625
28,600	0,42767
28,650	0,45898
28,700	0,48808
28,750	0,51443
28,800	0,53832
28,850	0,55618
28,900	0,56909
28,950	0,57632
29,000	0,57806
29,050	0,57411
29,100	0,56465
29,150	0,55000
29,200	0,53037
29,250	0,50494
29,300	0,47728
29,350	0,44717
29,400	0,41524
29,450	0,38535
29,500	0,35133
29,550	0,32061
29,600	0,29264
29,650	0,26812
29,700	0,24790
29,750	0,23250
29,800	0,22262
29,850	0,21842
29,900	0,21990
29,950	0,22704
30,000	0,23986
30,050	0,25766
30,100	0,28027
30,150	0,30666
30,200	0,33633
30,250	0,36774
30,300	0,39985
30,350	0,43163
30,400	0,46277
30,450	0,49134
30,500	0,51773
30,550	0,54040
30,600	0,55758
30,650	0,56963
30,700	0,57618
30,750	0,57705
30,800	0,57242
30,850	0,56226
30,900	0,54692
30,950	0,52678
31,000	0,50064
31,050	0,47297
31,100	0,44286
31,150	0,41094
31,200	0,38086
31,250	0,34754
31,300	0,31716
31,350	0,28953
31,400	0,26570
31,450	0,24617
31,500	0,23163
31,550	0,22261
31,600	0,21910
31,650	0,22126
31,700	0,22927
31,750	0,24260
31,800	0,26109
31,850	0,28422
31,900	0,31095
31,950	0,34059
32,000	0,37396
32,050	0,40397
32,100	0,43576
32,150	0,46639
32,200	0,49464
32,250	0,51961
32,300	0,54250
32,350	0,55864
32,400	0,57000
32,450	0,57568
32,500	0,57605
32,550	0,57054
32,600	0,55987
32,650	0,54383
32,700	0,52317
32,750	0,49669
32,800	0,46866
32,850	0,43838
32,900	0,40646
32,950	0,37653
33,000	0,34391
33,050	0,31370
33,100	0,28659
33,150	0,26345
33,200	0,24461
33,250	0,23076
33,300	0,22260
33,350	0,21995
33,400	0,22297
33,450	0,23149
33,500	0,24551
33,550	0,26469
33,600	0,28816
33,650	0,31524
33,700	0,34505
33,750	0,37843
33,800	0,40826
33,850	0,43989
33,900	0,47001
33,950	0,49775
34,000	0,52204
34,050	0,54423
34,100	0,55987
34,150	0,57036
34,200	0,57537
34,250	0,57469
34,300	0,56867
34,350	0,55713
34,400	0,54062
34,450	0,51815
34,500	0,49256
34,550	0,46436
34,600	0,43389
34,650	0,40249
34,700	0,37258
34,750	0,33959
34,800	0,31025
34,850	0,28383
34,900	0,26120
34,950	0,24304
35,000	0,23024
35,050	0,22259
35,100	0,22080
35,150	0,22451
35,200	0,23389
35,250	0,24860
35,300	0,26812
35,350	0,29210
35,400	0,31953
35,450	0,34969
35,500	0,38290
35,550	0,41257
35,600	0,44385
35,650	0,47363
35,700	0,50085
35,750	0,52500
35,800	0,54598
35,850	0,56075
35,900	0,57056
35,950	0,57470
36,000	0,57351
36,050	0,56663
36,100	0,55457
36,150	0,53755
36,200	0,51401
36,250	0,48860
36,300	0,46006
36,350	0,42940
36,400	0,39818
36,450	0,36826
36,500	0,33562
36,550	0,30679
36,600	0,28106
36,650	0,25912
36,700	0,24183
36,750	0,22954
36,800	0,22293
36,850	0,22165
36,900	0,22639
36,950	0,23629
37,000	0,25168
37,050	0,27189
37,100	0,29622
37,150	0,32382
37,200	0,35397
37,250	0,38754
37,300	0,41686
37,350	0,44799
37,400	0,47725
37,450	0,50393
37,500	0,52866
37,550	0,54772
37,600	0,56182
37,650	0,57058
37,700	0,57421
37,750	0,57216
37,800	0,56459
37,850	0,55166
37,900	0,53412
37,950	0,51005
38,000	0,48448
38,050	0,45557
38,100	0,42505
38,150	0,39568
38,200	0,36236
38,250	0,33164
38,300	0,30351
38,350	0,27829
38,400	0,25704
38,450	0,24044
38,500	0,22918
38,550	0,22326
38,600	0,22284
38,650	0,22810
38,700	0,23886
38,750	0,25494
38,800	0,27549
38,850	0,30034
38,900	0,32828
38,950	0,35897
39,000	0,39148
39,050	0,42116
39,100	0,45195
39,150	0,48070
39,200	0,50690
39,250	0,52968
39,300	0,54929
39,350	0,56270
39,400	0,57078
39,450	0,57355
39,500	0,57063
39,550	0,56237
39,600	0,54892
39,650	0,53069
39,700	0,50628
39,750	0,48017
39,800	0,45128
39,850	0,42039
39,900	0,39136
39,950	0,35821
40,000	0,32802
40,050	0,30023
40,100	0,27553
40,150	0,25514
40,200	0,23923
40,250	0,22865
40,300	0,22359
40,350	0,22404
40,400	0,22998
40,450	0,24160
40,500	0,25820
40,550	0,27926
40,600	0,30445
40,650	0,33274
40,700	0,36363
40,750	0,39490
40,800	0,42529
40,850	0,45591
40,900	0,48415
40,950	0,50981
41,000	0,53318
41,050	0,55069
41,100	0,56341
41,150	0,57063
41,200	0,57271
41,250	0,56911
41,300	0,56015
41,350	0,54601
41,400	0,52725
41,450	0,50250
41,500	0,47587
41,550	0,44679
41,600	0,41609
41,650	0,38684
41,700	0,35583
41,750	0,32422
41,800	0,29694
41,850	0,27293
41,900	0,25323
41,950	0,23818
42,000	0,22830
42,050	0,22410
42,100	0,22523
42,150	0,23221
42,200	0,24434
42,250	0,26145
42,300	0,28321
42,350	0,30875
42,400	0,33703
42,450	0,36775
42,500	0,39902
42,550	0,42959
42,600	0,45970
42,650	0,48760
42,700	0,51257
42,750	0,53543
42,800	0,55227
42,850	0,56395
42,900	0,57049
42,950	0,57170
43,000	0,56741
43,050	0,55777
43,100	0,54293
43,150	0,52364
43,200	0,49855
43,250	0,47157
43,300	0,44232
43,350	0,41143
43,400	0,38255
43,450	0,35045
43,500	0,32059
43,550	0,29383
43,600	0,27051
43,650	0,25150
43,700	0,23714
43,750	0,22812
43,800	0,22460
43,850	0,22677
43,900	0,23426
43,950	0,24708
44,000	0,26488
44,050	0,28715
44,100	0,31303
44,150	0,34181
44,200	0,37416
44,250	0,40313
44,300	0,43390
44,350	0,46349
44,400	0,49088
44,450	0,51517
44,500	0,53734
44,550	0,55349
44,600	0,56449
44,650	0,57035
44,700	0,57070
44,750	0,56554
44,800	0,55520
44,850	0,53985
44,900	0,52004
44,950	0,49442
45,000	0,46726
45,050	0,43784
45,100	0,40694
45,150	0,37825
45,200	0,34578
45,250	0,31696
45,300	0,29072
45,350	0,26809
45,400	0,24977
45,450	0,23627
45,500	0,22811
45,550	0,22545
45,600	0,22831
45,650	0,23649
45,700	0,24999
45,750	0,26848
45,800	0,29109
45,850	0,31732
45,900	0,34627
45,950	0,37863
46,000	0,40726
46,050	0,43803
46,100	0,46728
46,150	0,49416
46,200	0,51811
46,250	0,53943
46,300	0,55472
46,350	0,56486
46,400	0,56986
46,450	0,56934
46,500	0,56367
46,550	0,55247
46,600	0,53647
46,650	0,51450
46,700	0,48994
46,750	0,46279
46,800	0,43317
46,850	0,40282
46,900	0,37376
46,950	0,34164
47,000	0,31333
47,050	0,28778
47,100	0,26566
47,150	0,24821
47,200	0,23557
47,250	0,22809
47,300	0,22630
47,350	0,22984
47,400	0,23888
47,450	0,25308
47,500	0,27208
47,550	0,29521
47,600	0,32178
47,650	0,35074
47,700	0,38309
47,750	0,41173
47,800	0,44216
47,850	0,47108
47,900	0,49742
47,950	0,52143
48,000	0,54117
48,050	0,55578
48,100	0,56523
48,150	0,56937
48,200	0,56817
48,250	0,56162
48,300	0,54991
48,350	0,53322
48,400	0,51054
48,450	0,48582
48,500	0,45831
48,550	0,42869
48,600	0,39851
48,650	0,36945
48,700	0,33766
48,750	0,30988
48,800	0,28484
48,850	0,26359
48,900	0,24664
48,950	0,23487
49,000	0,22826
49,050	0,22715
49,100	0,23172
49,150	0,24145
49,200	0,25633
49,250	0,27585
49,300	0,29933
49,350	0,32624
49,400	0,35590
49,450	0,38773
49,500	0,41620
49,550	0,44629
49,600	0,47469
49,650	0,50072
49,700	0,52349
49,750	0,54309
49,800	0,55684
49,850	0,56543
49,900	0,56870
49,950	0,56682
50,000	0,55941
50,050	0,54700
50,100	0,52979
50,150	0,50659
50,200	0,48152
50,250	0,45383
50,300	0,42399
50,350	0,39561
50,400	0,36513
50,450	0,33387
50,500	0,30625
50,550	0,28190
50,600	0,26134
50,650	0,24543
50,700	0,23434
50,750	0,22859
50,800	0,22835
50,850	0,23343
50,900	0,24402
50,950	0,25941
51,000	0,27962
51,050	0,30362
51,100	0,33071
51,150	0,36004
51,200	0,39062
51,250	0,42067
51,300	0,45043
51,350	0,47831
51,400	0,50385
51,450	0,52539
51,500	0,54466
51,550	0,55772
51,600	0,56546
51,650	0,56805
51,700	0,56511
51,750	0,55719
51,800	0,54409
51,850	0,52636
51,900	0,50264
51,950	0,47722
52,000	0,44918
52,050	0,41934
52,100	0,39117
52,150	0,35905
52,200	0,32989
52,250	0,30297
52,300	0,27913
52,350	0,25926
52,400	0,24404
52,450	0,23381
52,500	0,22892
52,550	0,22954
52,600	0,23549
52,650	0,24659
52,700	0,26284
52,750	0,28357
52,800	0,30790
52,850	0,33534
52,900	0,36482
52,950	0,39684
53,000	0,42497
53,050	0,45438
53,100	0,48194
53,150	0,50674
53,200	0,52941
53,250	0,54641
53,300	0,55843
53,350	0,56549
53,400	0,56721
53,450	0,56359
53,500	0,55480
53,550	0,54122
53,600	0,52133
53,650	0,49869
53,700	0,47274
53,750	0,44471
53,800	0,41468
53,850	0,38668
53,900	0,35474
53,950	0,32592
54,000	0,29951
54,050	0,27654
54,100	0,25735
54,150	0,24300
54,200	0,23346
54,250	0,22943
54,300	0,23073
54,350	0,23754
54,400	0,24950
54,450	0,26627
54,500	0,28734
54,550	0,31219
54,600	0,33977
54,650	0,37108
54,700	0,39955
54,750	0,42927
54,800	0,45835
54,850	0,48539
54,900	0,50950
54,950	0,53167
55,000	0,54781
55,050	0,55915
55,100	0,56534
55,150	0,56638
55,200	0,56189
55,250	0,55242
55,300	0,53797
55,350	0,51738
55,400	0,49456
55,450	0,46844
55,500	0,44005
55,550	0,41002
55,600	0,38218
55,650	0,35130
55,700	0,32212
55,750	0,29640
55,800	0,27394
55,850	0,25562
55,900	0,24195
55,950	0,23327
56,000	0,23011
56,050	0,23227
56,100	0,23976
56,150	0,25241
56,200	0,26987
56,250	0,29146
56,300	0,31666
56,350	0,34442
56,400	0,37484
56,450	0,40384
56,500	0,43375
56,550	0,46249
56,600	0,48885
56,650	0,51227
56,700	0,53376
56,750	0,54921
56,800	0,55969
56,850	0,56502
56,900	0,56520
56,950	0,56002
57,000	0,54986
57,050	0,53472
57,100	0,51343
57,150	0,49026
57,200	0,46397
57,250	0,43540
57,300	0,40554
57,350	0,37770
57,400	0,34663
57,450	0,31832
57,500	0,29329
57,550	0,27135
57,600	0,25389
57,650	0,24091
57,700	0,23326
57,750	0,23078
57,800	0,23381
57,850	0,24216
57,900	0,25532
57,950	0,27347
58,000	0,29557
58,050	0,32111
58,100	0,34939
58,150	0,38054
58,200	0,40831
58,250	0,43805
58,300	0,46628
58,350	0,49213
58,400	0,51486
58,450	0,53585
58,500	0,55044
58,550	0,56006
58,600	0,56470
58,650	0,56402
58,700	0,55798
58,750	0,54730
58,800	0,53147
58,850	0,50965
58,900	0,48596
58,950	0,45949
59,000	0,43074
59,050	0,40124
59,100	0,37322
59,150	0,34214
59,200	0,31469
59,250	0,29017
59,300	0,26910
59,350	0,25233
59,400	0,24021
59,450	0,23325
59,500	0,23181
59,550	0,23552
59,600	0,24456
59,650	0,25858
59,700	0,27707
59,750	0,29969
59,800	0,32558
59,850	0,35367
59,900	0,38535
59,950	0,41278
60,000	0,44218
60,050	0,47007
60,100	0,49540
60,150	0,51799
60,200	0,53759
60,250	0,55149
60,300	0,56043
60,350	0,56422
60,400	0,56266
60,450	0,55612
60,500	0,54439
60,550	0,52803
60,600	0,50587
60,650	0,48184
60,700	0,45484
60,750	0,42604
60,800	0,39852
60,850	0,36891
60,900	0,33816
60,950	0,31124
61,000	0,28723
61,050	0,26685
61,100	0,25077
61,150	0,23951
61,200	0,23341
61,250	0,23265
61,300	0,23722
61,350	0,24695
61,400	0,26166
61,450	0,28084
61,500	0,30398
61,550	0,33003
61,600	0,35866
61,650	0,38982
61,700	0,41725
61,750	0,44649
61,800	0,47387
61,850	0,49868
61,900	0,52077
61,950	0,53950
62,000	0,55255
62,050	0,56063
62,100	0,56355
62,150	0,56131
62,200	0,55389
62,250	0,54165
62,300	0,52459
62,350	0,50228
62,400	0,47754
62,450	0,45036
62,500	0,42139
62,550	0,39390
62,600	0,36301
62,650	0,33419
62,700	0,30778
62,750	0,28430
62,800	0,26460
62,850	0,24938
62,900	0,23898
62,950	0,23375
63,000	0,23385
63,050	0,23910
63,100	0,24969
63,150	0,26492
63,200	0,28461
63,250	0,30827
63,300	0,33467
63,350	0,36330
63,400	0,39428
63,450	0,42172
63,500	0,45063
63,550	0,47749
63,600	0,50180
63,650	0,52267
63,700	0,54107
63,750	0,55344
63,800	0,56065
63,850	0,56289
63,900	0,55978
63,950	0,55168
64,000	0,53861
64,050	0,51976
64,100	0,49797
64,150	0,47306
64,200	0,44571
64,250	0,41673
64,300	0,38960
64,350	0,35834
64,400	0,33022
64,450	0,30433
64,500	0,28153
64,550	0,26252
64,600	0,24816
64,650	0,23863
64,700	0,23408
64,750	0,23504
64,800	0,24116
64,850	0,25243
64,900	0,26835
64,950	0,28856
65,000	0,31255
65,050	0,33931
65,100	0,36797
65,150	0,39716
65,200	0,42620
65,250	0,45458
65,300	0,48111
65,350	0,50474
65,400	0,52527
65,450	0,54282
65,500	0,55415
65,550	0,56068
65,600	0,56206
65,650	0,55809
65,700	0,54930
65,750	0,53553
65,800	0,51598
65,850	0,49367
65,900	0,46859
65,950	0,44124
66,000	0,41208
66,050	0,38489
66,100	0,35596
66,150	0,32642
66,200	0,30087
66,250	0,27876
66,300	0,26061
66,350	0,24694
66,400	0,23827
66,450	0,23458
66,500	0,23641
66,550	0,24321
66,600	0,25517
66,650	0,27177
66,700	0,29268
66,750	0,31684
66,800	0,34373
66,850	0,37436
66,900	0,40163
66,950	0,43068
67,000	0,45855
67,050	0,48456
67,100	0,50781
67,150	0,52895
67,200	0,54422
67,250	0,55487
67,300	0,56054
67,350	0,56105
67,400	0,55639
67,450	0,54691
67,500	0,53240
67,550	0,51380
67,600	0,48954
67,650	0,46429
67,700	0,43659
67,750	0,40742
67,800	0,38027
67,850	0,35024
67,900	0,32245
67,950	0,29776
68,000	0,27617
68,050	0,25871
68,100	0,24590
68,150	0,23791
68,200	0,23526
68,250	0,23777
68,300	0,24543
68,350	0,25808
68,400	0,27537
68,450	0,29662
68,500	0,32130
68,550	0,34855
68,600	0,37883
68,650	0,40592
68,700	0,43498
68,750	0,46269
68,800	0,48800
68,850	0,51098
68,900	0,52962
68,950	0,54562
69,000	0,55541
69,050	0,56022
69,100	0,55987
69,150	0,55452
69,200	0,54417
69,250	0,52915
69,300	0,51002
69,350	0,48542
69,400	0,45964
69,450	0,43193
69,500	0,40312
69,550	0,37597
69,600	0,34557
69,650	0,31865
69,700	0,29447
69,750	0,27374
69,800	0,25715
69,850	0,24503
69,900	0,23790
69,950	0,23611
70,000	0,23948
70,050	0,24783
70,100	0,26117
70,150	0,27897
70,200	0,30073
70,250	0,32576
70,300	0,35318
70,350	0,38365
70,400	0,41057
70,450	0,43928
70,500	0,46648
70,550	0,49129
70,600	0,51335
70,650	0,53312
70,700	0,54685
70,750	0,55578
70,800	0,55973
70,850	0,55869
70,900	0,55248
70,950	0,54144
71,000	0,52577
71,050	0,50430
71,100	0,48113
71,150	0,45499
71,200	0,42709
71,250	0,39864
71,300	0,37130
71,350	0,34143
71,400	0,31502
71,450	0,29136
71,500	0,27132
71,550	0,25541
71,600	0,24415
71,650	0,23806
71,700	0,23696
71,750	0,24119
71,800	0,25040
71,850	0,26443
71,900	0,28274
71,950	0,30502
72,000	0,33022
72,050	0,35781
72,100	0,38829
72,150	0,41504
72,200	0,44359
72,250	0,47027
72,300	0,49458
72,350	0,51578
72,400	0,53486
72,450	0,54791
72,500	0,55615
72,550	0,55924
72,600	0,55734
72,650	0,55044
72,700	0,53857
72,750	0,52111
72,800	0,50017
72,850	0,47665
72,900	0,45051
72,950	0,42240
73,000	0,39578
73,050	0,36523
73,100	0,33728
73,150	0,31139
73,200	0,28842
73,250	0,26907
73,300	0,25402
73,350	0,24363
73,400	0,23822
73,450	0,23798
73,500	0,24289
73,550	0,25297
73,600	0,26768
73,650	0,28669
73,700	0,30931
73,750	0,33482
73,800	0,36438
73,850	0,39292
73,900	0,41968
73,950	0,44772
74,000	0,47407
74,050	0,49786
74,100	0,51837
74,150	0,53679
74,200	0,54879
74,250	0,55618
74,300	0,55858
74,350	0,55582
74,400	0,54805
74,450	0,53567
74,500	0,51715
74,550	0,49623
74,600	0,47217
74,650	0,44587
74,700	0,41757
74,750	0,39109
74,800	0,36250
74,850	0,33331
74,900	0,30794
74,950	0,28548
75,000	0,26699
75,050	0,25263
75,100	0,24310
75,150	0,23855
75,200	0,23917
75,250	0,24495
75,300	0,25553
75,350	0,27093
75,400	0,29063
75,450	0,31360
75,500	0,33967
75,550	0,36729
75,600	0,39616
75,650	0,42416
75,700	0,45185
75,750	0,47769
75,800	0,50093
75,850	0,52258
75,900	0,53835
75,950	0,54986
76,000	0,55620
76,050	0,55774
76,100	0,55429
76,150	0,54566
76,200	0,53259
76,250	0,51336
76,300	0,49228
76,350	0,46788
76,400	0,44122
76,450	0,41292
76,500	0,38662
76,550	0,35748
76,600	0,32934
76,650	0,30448
76,700	0,28272
76,750	0,26491
76,800	0,25142
76,850	0,24274
76,900	0,23906
76,950	0,24036
77,000	0,24700
77,050	0,25845
77,100	0,27436
77,150	0,29458
77,200	0,31806
77,250	0,34409
77,300	0,37386
77,350	0,40045
77,400	0,42863
77,450	0,45599
77,500	0,48131
77,550	0,50404
77,600	0,52483
77,650	0,53992
77,700	0,55057
77,750	0,55623
77,800	0,55691
77,850	0,55259
77,900	0,54345
77,950	0,52951
78,000	0,50976
78,050	0,48815
78,100	0,46340
78,150	0,43656
78,200	0,40826
78,250	0,38199
78,300	0,35194
78,350	0,32536
78,400	0,30120
78,450	0,28012
78,500	0,26301
78,550	0,25038
78,600	0,24239
78,650	0,23956
78,700	0,24190
78,750	0,24922
78,800	0,26136
78,850	0,27796
78,900	0,29852
78,950	0,32252
79,000	0,34908
79,050	0,37851
79,100	0,40474
79,150	0,43293
79,200	0,45995
79,250	0,48475
79,300	0,50716
79,350	0,52709
79,400	0,54132
79,450	0,55111
79,500	0,55592
79,550	0,55573
79,600	0,55072
79,650	0,54088
79,700	0,52643
79,750	0,50617
79,800	0,48385
79,850	0,45876
79,900	0,43173
79,950	0,40379
80,000	0,37733
80,050	0,34780
80,100	0,32156
80,150	0,29791
80,200	0,27770
80,250	0,26128
80,300	0,24933
80,350	0,24238
80,400	0,24024
80,450	0,24344
80,500	0,25162
80,550	0,26444
80,600	0,28156
80,650	0,30281
80,700	0,32698
80,750	0,35354
80,800	0,38332
80,850	0,40938
80,900	0,43741
80,950	0,46392
81,000	0,48821
81,050	0,50975
81,100	0,52918
81,150	0,54273
81,200	0,55148
81,250	0,55560
81,300	0,55455
81,350	0,54868
81,400	0,53815
81,450	0,52300
81,500	0,50222
81,550	0,47938
81,600	0,45428
81,650	0,42705
81,700	0,40019
81,750	0,37283
81,800	0,34383
81,850	0,31794
81,900	0,29480
81,950	0,27510
82,000	0,25954
82,050	0,24863
82,100	0,24236
82,150	0,24126
82,200	0,24514
82,250	0,25402
82,300	0,26753
82,350	0,28533
82,400	0,30693
82,450	0,33144
82,500	0,35817
82,550	0,38813
82,600	0,41403
82,650	0,44171
82,700	0,46788
82,750	0,49167
82,800	0,51236
82,850	0,53092
82,900	0,54379
82,950	0,55185
83,000	0,55511
83,050	0,55337
83,100	0,54682
83,150	0,53524
83,200	0,51956
83,250	0,49844
83,300	0,47526
83,350	0,44963
83,400	0,42241
83,450	0,39536
83,500	0,36852
83,550	0,33968
83,600	0,31431
83,650	0,29186
83,700	0,27285
83,750	0,25815
83,800	0,24793
83,850	0,24252
83,900	0,24228
83,950	0,24685
84,000	0,25658
84,050	0,27078
84,100	0,28928
84,150	0,31121
84,200	0,33625
84,250	0,36317
84,300	0,39190
84,350	0,41849
84,400	0,44602
84,450	0,47168
84,500	0,49478
84,550	0,51513
84,600	0,53301
84,650	0,54484
84,700	0,55205
84,750	0,55444
84,800	0,55184
84,850	0,54460
84,900	0,53234
84,950	0,51597
85,000	0,49414
85,050	0,47078
85,100	0,44498
85,150	0,41755
85,200	0,39197
85,250	0,36228
85,300	0,33536
85,350	0,31068
85,400	0,28892
85,450	0,27078
85,500	0,25659
85,550	0,24723
85,600	0,24286
85,650	0,24330
85,700	0,24873
85,750	0,25915
85,800	0,27404
85,850	0,29305
85,900	0,31550
85,950	0,34053
86,000	0,36781
86,050	0,39653
86,100	0,42314
86,150	0,45015
86,200	0,47530
86,250	0,49802
86,300	0,51915
86,350	0,53457
86,400	0,54590
86,450	0,55225
86,500	0,55378
86,550	0,55050
86,600	0,54221
86,650	0,52947
86,700	0,51095
86,750	0,49002
86,800	0,46631
86,850	0,44033
86,900	0,41290
86,950	0,38731
87,000	0,35797
87,050	0,33139
87,100	0,30723
87,150	0,28598
87,200	0,26852
87,250	0,25537
87,300	0,24687
87,350	0,24319
87,400	0,24449
87,450	0,25096
87,500	0,26189
87,550	0,27746
87,600	0,29699
87,650	0,31996
87,700	0,34549
87,750	0,37422
87,800	0,40012
87,850	0,42762
87,900	0,45429
87,950	0,47909
88,000	0,50117
88,050	0,52034
88,100	0,53632
88,150	0,54662
88,200	0,55210
88,250	0,55295
88,300	0,54862
88,350	0,53982
88,400	0,52640
88,450	0,50699
88,500	0,48589
88,550	0,46183
88,600	0,43569
88,650	0,40807
88,700	0,38262
88,750	0,35541
88,800	0,32742
88,850	0,30394
88,900	0,28339
88,950	0,26662
89,000	0,25433
89,050	0,24652
89,100	0,24369
89,150	0,24603
89,200	0,25301
89,250	0,26480
89,300	0,28106
89,350	0,30111
89,400	0,32442
89,450	0,34994
89,500	0,37904
89,550	0,40458
89,600	0,43210
89,650	0,45825
89,700	0,48254
89,750	0,50429
89,800	0,52260
89,850	0,53755
89,900	0,54716
89,950	0,55196
90,000	0,55176
90,050	0,54693
90,100	0,53726
90,150	0,52315
90,200	0,50304
90,250	0,48159
90,300	0,45736
90,350	0,43103
90,400	0,40377
90,450	0,37818
90,500	0,34916
90,550	0,32362
90,600	0,30066
90,650	0,28079
90,700	0,26489
90,750	0,25329
90,800	0,24633
90,850	0,24437
90,900	0,24739
90,950	0,25541
91,000	0,26789
91,050	0,28466
91,100	0,30522
91,150	0,32888
91,200	0,35475
91,250	0,38386
91,300	0,40905
91,350	0,43639
91,400	0,46239
91,450	0,48598
91,500	0,50755
91,550	0,52592
91,600	0,53913
91,650	0,54770
91,700	0,55164
91,750	0,55076
91,800	0,54488
91,850	0,53452
91,900	0,51989
91,950	0,49926
92,000	0,47747
92,050	0,45271
92,100	0,42619
92,150	0,39950
92,200	0,37228
92,250	0,34484
92,300	0,31999
92,350	0,29755
92,400	0,27837
92,450	0,26315
92,500	0,25241
92,550	0,24632
92,600	0,24522
92,650	0,24910
92,700	0,25780
92,750	0,27097
92,800	0,28843
92,850	0,30951
92,900	0,33333
92,950	0,36009
93,000	0,38849
93,050	0,41370
93,100	0,44070
93,150	0,46618
93,200	0,48946
93,250	0,50965
93,300	0,52677
93,350	0,54018
93,400	0,54807
93,450	0,55115
93,500	0,54941
93,550	0,54285
93,600	0,53161
93,650	0,51628
93,700	0,49549
93,750	0,47300
93,800	0,44806
93,850	0,42150
93,900	0,39623
93,950	0,36903
94,000	0,34088
94,050	0,31619
94,100	0,29444
94,150	0,27595
94,200	0,26159
94,250	0,25171
94,300	0,24648
94,350	0,24624
94,400	0,25098
94,450	0,26037
94,500	0,27422
94,550	0,29221
94,600	0,31363
94,650	0,33798
94,700	0,36402
94,750	0,39313
94,800	0,41834
94,850	0,44500
94,900	0,47015
94,950	0,49274
95,000	0,51204
95,050	0,52975
95,100	0,54124
95,150	0,54826
95,200	0,55066
95,250	0,54806
95,300	0,54081
95,350	0,52875
95,400	0,51144
95,450	0,49137
95,500	0,46852
95,550	0,44342
95,600	0,41667
95,650	0,39177
95,700	0,36348
95,750	0,33690
95,800	0,31274
95,850	0,29149
95,900	0,27387
95,950	0,26020
96,000	0,25101
96,050	0,24681
96,100	0,24726
96,150	0,25269
96,200	0,26294
96,250	0,27748
96,300	0,29615
96,350	0,31809
96,400	0,34275
96,450	0,37079
96,500	0,39654
96,550	0,42299
96,600	0,44931
96,650	0,47377
96,700	0,49585
96,750	0,51482
96,800	0,53149
96,850	0,54230
96,900	0,54846
96,950	0,55000
97,000	0,54653
97,050	0,53841
97,100	0,52585
97,150	0,50766
97,200	0,48742
97,250	0,46423
97,300	0,43876
97,350	0,41202
97,400	0,38713
97,450	0,35847
97,500	0,33276
97,550	0,30928
97,600	0,28855
97,650	0,27162
97,700	0,25881
97,750	0,25065
97,800	0,24714
97,850	0,24862
97,900	0,25492
97,950	0,26567
98,000	0,28108
98,050	0,30009
98,100	0,32255
98,150	0,34724
98,200	0,37438
98,250	0,40083
98,300	0,42746
98,350	0,45345
98,400	0,47757
98,450	0,49891
98,500	0,51884
98,550	0,53324
98,600	0,54319
98,650	0,54850
98,700	0,54899
98,750	0,54484
98,800	0,53603
98,850	0,52277
98,900	0,50388
98,950	0,48312
99,000	0,45975
99,050	0,43411
99,100	0,40737
99,150	0,38264
99,200	0,35433
99,250	0,32879
99,300	0,30582
99,350	0,28596
99,400	0,26971
99,450	0,25777
99,500	0,25030
99,550	0,24765
99,600	0,24999
99,650	0,25697
99,700	0,26859
99,750	0,28450
99,800	0,30421
99,850	0,32683
99,900	0,35220
99,950	0,38026
100,000	0,40512
100,050	0,43194
100,100	0,45741
100,150	0,48102
100,200	0,50191
100,250	0,51933
100,300	0,53446
100,350	0,54373
100,400	0,54817
100,450	0,54798
100,500	0,54314
100,550	0,53346
100,600	0,51969
100,650	0,49993
100,700	0,47882
100,750	0,45510
100,800	0,42946
100,850	0,40290
100,900	0,37780
100,950	0,35037
101,000	0,32481
101,050	0,30254
101,100	0,28336
101,150	0,26798
101,200	0,25672
101,250	0,25011
101,300	0,24832
101,350	0,25152
101,400	0,25936
101,450	0,27167
101,500	0,28810
101,550	0,30832
101,600	0,33147
101,650	0,35665
101,700	0,38525
101,750	0,40976
101,800	0,43624
101,850	0,46137
101,900	0,48447
101,950	0,50480
102,000	0,52318
102,050	0,53604
102,100	0,54427
102,150	0,54785
102,200	0,54698
102,250	0,54109
102,300	0,53090
102,350	0,51626
102,400	0,49615
102,450	0,47470
102,500	0,45046
102,550	0,42463
102,600	0,39824
102,650	0,37333
102,700	0,34535
102,750	0,32101
102,800	0,29925
102,850	0,28095
102,900	0,26607
102,950	0,25585
103,000	0,25010
103,050	0,24917
103,100	0,25305
103,150	0,26176
103,200	0,27475
103,250	0,29187
103,300	0,31261
103,350	0,33611
103,400	0,36146
103,450	0,38988
103,500	0,41441
103,550	0,44055
103,600	0,46534
103,650	0,48792
103,700	0,50775
103,750	0,52527
103,800	0,53710
103,850	0,54464
103,900	0,54737
103,950	0,54545
104,000	0,53906
104,050	0,52782
104,100	0,51283
104,150	0,49221
104,200	0,47023
104,250	0,44580
104,300	0,41994
104,350	0,39535
104,400	0,36884
104,450	0,34120
104,500	0,31738
104,550	0,29632
104,600	0,27852
104,650	0,26468
104,700	0,25515
104,750	0,25026
104,800	0,25019
104,850	0,25494
104,900	0,26432
104,950	0,27801
105,000	0,29582
105,050	0,31673
105,100	0,34053
105,150	0,36803
105,200	0,39452
105,250	0,41888
105,300	0,44485
105,350	0,46931
105,400	0,49116
105,450	0,51194
105,500	0,52701
105,550	0,53816
105,600	0,54484
105,650	0,54688
105,700	0,54410
105,750	0,53684
105,800	0,52495
105,850	0,50781
105,900	0,48826
105,950	0,46575
106,000	0,44133
106,050	0,41511
106,100	0,39073
106,150	0,36294
106,200	0,33723
106,250	0,31393
106,300	0,29338
106,350	0,27627
106,400	0,26312
106,450	0,25445
106,500	0,25042
106,550	0,25121
106,600	0,25681
106,650	0,26707
106,700	0,28126
106,750	0,29959
106,800	0,32119
106,850	0,34520
106,900	0,37130
106,950	0,39758
107,000	0,42352
107,050	0,44916
107,100	0,47310
107,150	0,49450
107,200	0,51259
107,250	0,52893
107,300	0,53922
107,350	0,54486
107,400	0,54604
107,450	0,54258
107,500	0,53449
107,550	0,52063
107,600	0,50403
107,650	0,48413
107,700	0,46146
107,750	0,43651
107,800	0,41028
107,850	0,38625
107,900	0,35810
107,950	0,33344
108,000	0,31047
108,050	0,29061
108,100	0,27419
108,150	0,26190
108,200	0,25409
108,250	0,25092
108,300	0,25257
108,350	0,25887
108,400	0,26981
108,450	0,28469
108,500	0,30353
108,550	0,32565
108,600	0,34997
108,650	0,37769
108,700	0,40204
108,750	0,42799
108,800	0,45329
108,850	0,47673
108,900	0,49743
108,950	0,51503
109,000	0,53033
109,050	0,53993
109,100	0,54489
109,150	0,54521
109,200	0,54088
109,250	0,53194
109,300	0,51721
109,350	0,50008
109,400	0,47983
109,450	0,45681
109,500	0,43186
109,550	0,40563
109,600	0,38158
109,650	0,35449
109,700	0,32929
109,750	0,30702
109,800	0,28785
109,850	0,27211
109,900	0,26068
109,950	0,25373
110,000	0,25143
110,050	0,25394
110,100	0,26109
110,150	0,27254
110,200	0,28829
110,250	0,30765
110,300	0,32994
110,350	0,35444
110,400	0,38216
110,450	0,40633
110,500	0,43247
110,550	0,45726
110,600	0,48017
110,650	0,50068
110,700	0,51888
110,750	0,53173
110,800	0,54047
110,850	0,54457
110,900	0,54420
110,950	0,53901
111,000	0,52954
111,050	0,51430
111,100	0,49630
111,150	0,47553
111,200	0,45234
111,250	0,42703
111,300	0,40115
111,350	0,37693
111,400	0,34965
111,450	0,32549
111,500	0,30373
111,550	0,28525
111,600	0,27038
111,650	0,25964
111,700	0,25355
111,750	0,25210
111,800	0,25547
111,850	0,26331
111,900	0,27563
111,950	0,29189
112,000	0,31177
112,050	0,33437
112,100	0,36100
112,150	0,38715
112,200	0,41098
112,250	0,43678
112,300	0,46122
112,350	0,48363
112,400	0,50332
112,450	0,51937
112,500	0,53331
112,550	0,54101
112,600	0,54425
112,650	0,54302
112,700	0,53714
112,750	0,52682
112,800	0,51069
112,850	0,49253
112,900	0,47141
112,950	0,44769
113,000	0,42233
113,050	0,39844
113,100	0,37245
113,150	0,34516
113,200	0,32169
113,250	0,30062
113,300	0,28265
113,350	0,26865
113,400	0,25877
113,450	0,25354
113,500	0,25295
113,550	0,25701
113,600	0,26571
113,650	0,27871
113,700	0,29566
113,750	0,31605
113,800	0,33921
113,850	0,36388
113,900	0,39161
113,950	0,41562
114,000	0,44108
114,050	0,46519
114,100	0,48709
114,150	0,50569
114,200	0,52306
114,250	0,53418
114,300	0,54138
114,350	0,54394
114,400	0,54167
114,450	0,53492
114,500	0,52409
114,550	0,50709
114,600	0,48858
114,650	0,46694
114,700	0,44304
114,750	0,41768
114,800	0,39361
114,850	0,36796
114,900	0,34119
114,950	0,31806
115,000	0,29751
115,050	0,28040
115,100	0,26725
115,150	0,25824
115,200	0,25369
115,250	0,25397
115,300	0,25889
115,350	0,26828
115,400	0,28196
115,450	0,29961
115,500	0,32034
115,550	0,34364
115,600	0,37046
115,650	0,39555
115,700	0,42027
115,750	0,44538
115,800	0,46915
115,850	0,49037
115,900	0,50849
115,950	0,52409
116,000	0,53542
116,050	0,54158
116,100	0,54327
116,150	0,54032
116,200	0,53293
116,250	0,51958
116,300	0,50366
116,350	0,48463
116,400	0,46247
116,450	0,43839
116,500	0,41285
116,550	0,38934
116,600	0,36171
116,650	0,33722
116,700	0,31443
116,750	0,29457
116,800	0,27815
116,850	0,26569
116,900	0,25754
116,950	0,25403
117,000	0,25499
117,050	0,26077
117,100	0,27102
117,150	0,28539
117,200	0,30338
117,250	0,32463
117,300	0,34827
117,350	0,37529
117,400	0,39948
117,450	0,42474
117,500	0,44969
117,550	0,47278
117,600	0,49347
117,650	0,51143
117,700	0,52654
117,750	0,53631
117,800	0,54161
117,850	0,54244
117,900	0,53862
117,950	0,53054
118,000	0,51632
118,050	0,49988
118,100	0,48050
118,150	0,45817
118,200	0,43374
118,250	0,40820
118,300	0,38468
118,350	0,35775
118,400	0,33325
118,450	0,31098
118,500	0,29181
118,550	0,27607
118,600	0,26448
118,650	0,25718
118,700	0,25436
118,750	0,25635
118,800	0,26282
118,850	0,27393
118,900	0,28882
118,950	0,30732
119,000	0,32909
119,050	0,35308
119,100	0,37994
119,150	0,40360
119,200	0,42922
119,250	0,45365
119,300	0,47640
119,350	0,49642
119,400	0,51351
119,450	0,52794
119,500	0,53702
119,550	0,54163
119,600	0,54160
119,650	0,53710
119,700	0,52798
119,750	0,51324
119,800	0,49628
119,850	0,47620
119,900	0,45370
119,950	0,42908
120,000	0,40373
120,050	0,37984
120,100	0,35344
120,150	0,32928
120,200	0,30770
120,250	0,28903
120,300	0,27434
120,350	0,26343
120,400	0,25682
120,450	0,25504
120,500	0,25772
120,550	0,26504
120,600	0,27667
120,650	0,29242
120,700	0,31144
120,750	0,33339
120,800	0,35736
120,850	0,38475
120,900	0,40824
120,950	0,43352
121,000	0,45779
121,050	0,48003
121,100	0,49937
121,150	0,51541
121,200	0,52969
121,250	0,53774
121,300	0,54131
121,350	0,54060
121,400	0,53523
121,450	0,52542
121,500	0,50998
121,550	0,49251
121,600	0,47208
121,650	0,44905
121,700	0,42442
121,750	0,39960
121,800	0,37554
121,850	0,34877
121,900	0,32548
121,950	0,30441
122,000	0,28662
122,050	0,27243
122,100	0,26239
122,150	0,25664
122,200	0,25571
122,250	0,25925
122,300	0,26744
122,350	0,27975
122,400	0,29602
122,450	0,31555
122,500	0,33781
122,550	0,36393
122,600	0,38922
122,650	0,41271
122,700	0,43800
122,750	0,46158
122,800	0,48331
122,850	0,50209
122,900	0,51927
122,950	0,53074
123,000	0,53810
123,050	0,54099
123,100	0,53941
123,150	0,53336
123,200	0,52286
123,250	0,50655
123,300	0,48873
123,350	0,46796
123,400	0,44457
123,450	0,41977
123,500	0,39495
123,550	0,37088
123,600	0,34463
123,650	0,32168
123,700	0,30130
123,750	0,28419
123,800	0,27087
123,850	0,26151
123,900	0,25662
123,950	0,25656
124,000	0,26096
124,050	0,26983
124,100	0,28283
124,150	0,29962
124,200	0,31967
124,250	0,34248
124,300	0,36699
124,350	0,39403
124,400	0,41736
124,450	0,44213
124,500	0,46555
124,550	0,48659
124,600	0,50491
124,650	0,51959
124,700	0,53197
124,750	0,53847
124,800	0,54051
124,850	0,53807
124,900	0,53096
124,950	0,52013
125,000	0,50312
125,050	0,48478
125,100	0,46349
125,150	0,43992
125,200	0,41508
125,250	0,39191
125,300	0,36498
125,350	0,34066
125,400	0,31805
125,450	0,29836
125,500	0,28194
125,550	0,26914
125,600	0,26081
125,650	0,25696
125,700	0,25758
125,750	0,26267
125,800	0,27223
125,850	0,28609
125,900	0,30339
125,950	0,32396
126,000	0,34691
126,050	0,37324
126,100	0,39692
126,150	0,42183
126,200	0,44643
126,250	0,46935
126,300	0,48986
126,350	0,50799
126,400	0,52310
126,450	0,53303
126,500	0,53867
126,550	0,53984
126,600	0,53672
126,650	0,52875
126,700	0,51704
126,750	0,49952
126,800	0,48083
126,850	0,45901
126,900	0,43528
126,950	0,41025
127,000	0,38722
127,050	0,36225
127,100	0,33669
127,150	0,31459
127,200	0,29542
127,250	0,27969
127,300	0,26792
127,350	0,26028
127,400	0,25712
127,450	0,25860
127,500	0,26455
127,550	0,27497
127,600	0,28934
127,650	0,30733
127,700	0,32825
127,750	0,35137
127,800	0,37805
127,850	0,40156
127,900	0,42630
127,950	0,45057
128,000	0,47297
128,050	0,49299
128,100	0,50972
128,150	0,52449
128,200	0,53374
128,250	0,53870
128,300	0,53901
128,350	0,53484
128,400	0,52658
128,450	0,51254
128,500	0,49609
128,550	0,47671
128,600	0,45471
128,650	0,43080
128,700	0,40560
128,750	0,38277
128,800	0,35618
128,850	0,33254
128,900	0,31114
128,950	0,29265
129,000	0,27779
129,050	0,26670
129,100	0,25993
129,150	0,25762
129,200	0,25996
129,250	0,26677
129,300	0,27788
129,350	0,29295
129,400	0,31127
129,450	0,33270
129,500	0,35671
129,550	0,38270
129,600	0,40567
129,650	0,43078
129,700	0,45453
129,750	0,47660
129,800	0,49575
129,850	0,51197
129,900	0,52607
129,950	0,53445
130,000	0,53855
130,050	0,53799
130,100	0,53332
130,150	0,52402
130,200	0,50910
130,250	0,49232
130,300	0,47241
130,350	0,45007
130,400	0,42597
130,450	0,40130
130,500	0,37812
130,550	0,35169
130,600	0,32875
130,650	0,30785
130,700	0,29006
130,750	0,27588
130,800	0,26566
130,850	0,25974
130,900	0,25829
130,950	0,26150
131,000	0,26899
131,050	0,28079
131,100	0,29655
131,150	0,31539
131,200	0,33700
131,250	0,36081
131,300	0,38752
131,350	0,41032
131,400	0,43508
131,450	0,45849
131,500	0,48005
131,550	0,49865
131,600	0,51583
131,650	0,52747
131,700	0,53500
131,750	0,53823
131,800	0,53700
131,850	0,53115
131,900	0,51969
131,950	0,50585
132,000	0,48855
132,050	0,46811
132,100	0,44559
132,150	0,42127
132,200	0,39844
132,250	0,37240
132,300	0,34755
132,350	0,32494
132,400	0,30474
132,450	0,28764
132,500	0,27414
132,550	0,26479
132,600	0,25956
132,650	0,25897
132,700	0,26303
132,750	0,27139
132,800	0,28387
132,850	0,30014
132,900	0,31951
132,950	0,34160
133,000	0,36723
133,050	0,39110
133,100	0,41496
133,150	0,43939
133,200	0,46246
133,250	0,48333
133,300	0,50130
133,350	0,51597
133,400	0,52870
133,450	0,53537
133,500	0,53774
133,550	0,53564
133,600	0,52929
133,650	0,51678
133,700	0,50242
133,750	0,48459
133,800	0,46399
133,850	0,44094
133,900	0,41662
133,950	0,39376
134,000	0,36914
134,050	0,34376
134,100	0,32114
134,150	0,30163
134,200	0,28521
134,250	0,27258
134,300	0,26391
134,350	0,25971
134,400	0,25999
134,450	0,26474
134,500	0,27379
134,550	0,28696
134,600	0,30374
134,650	0,32362
134,700	0,34624
134,750	0,37184
134,800	0,39680
134,850	0,41943
134,900	0,44369
134,950	0,46626
135,000	0,48661
135,050	0,50406
135,100	0,51824
135,150	0,52976
135,200	0,53556
135,250	0,53725
135,300	0,53429
135,350	0,52706
135,400	0,51422
135,450	0,49899
135,500	0,48064
135,550	0,45951
135,600	0,43647
135,650	0,41196
135,700	0,38945
135,750	0,36466
135,800	0,33944
135,850	0,31769
135,900	0,29869
135,950	0,28296
136,000	0,27119
136,050	0,26338
136,100	0,25987
136,150	0,26101
136,200	0,26662
136,250	0,27653
136,300	0,29021
136,350	0,30751
136,400	0,32792
136,450	0,35053
136,500	0,37634
136,550	0,39950
136,600	0,42391
136,650	0,44783
136,700	0,47006
136,750	0,48972
136,800	0,50650
136,850	0,51963
136,900	0,53063
136,950	0,53594
137,000	0,53659
137,050	0,53299
137,100	0,52324
137,150	0,51149
137,200	0,49556
137,250	0,47669
137,300	0,45539
137,350	0,43199
137,400	0,40731
137,450	0,38501
137,500	0,35858
137,550	0,33547
137,600	0,31423
137,650	0,29592
137,700	0,28106
137,750	0,26980
137,800	0,26285
137,850	0,26038
137,900	0,26220
137,950	0,26850
138,000	0,27909
138,050	0,29364
138,100	0,31146
138,150	0,33237
138,200	0,35533
138,250	0,38134
138,300	0,40379
138,350	0,42838
138,400	0,45196
138,450	0,47368
138,500	0,49267
138,550	0,50870
138,600	0,52297
138,650	0,53135
138,700	0,53579
138,750	0,53558
138,800	0,53109
138,850	0,52138
138,900	0,50858
138,950	0,49196
139,000	0,47257
139,050	0,45074
139,100	0,42733
139,150	0,40302
139,200	0,38017
139,250	0,35445
139,300	0,33149
139,350	0,31095
139,400	0,29333
139,450	0,27898
139,500	0,26859
139,550	0,26250
139,600	0,26088
139,650	0,26374
139,700	0,27072
139,750	0,28200
139,800	0,29724
139,850	0,31558
139,900	0,33666
139,950	0,36014
140,000	0,38598
140,050	0,40844
140,100	0,43268
140,150	0,45593
140,200	0,47713
140,250	0,49560
140,300	0,51136
140,350	0,52295
140,400	0,53207
140,450	0,53547
140,500	0,53457
140,550	0,52937
140,600	0,51989
140,650	0,50515
140,700	0,48818
140,750	0,46844
140,800	0,44626
140,850	0,42268
140,900	0,39853
140,950	0,37585
141,000	0,35066
141,050	0,32769
141,100	0,30784
141,150	0,29073
141,200	0,27724
141,250	0,26771
141,300	0,26249
141,350	0,26156
141,400	0,26510
141,450	0,27312
141,500	0,28509
141,550	0,30067
141,600	0,31969
141,650	0,34113
141,700	0,36443
141,750	0,39080
141,800	0,41291
141,850	0,43699
141,900	0,45990
141,950	0,48041
142,000	0,49838
142,050	0,51305
142,100	0,52577
142,150	0,53261
142,200	0,53515
142,250	0,53339
142,300	0,52737
142,350	0,51573
142,400	0,50172
142,450	0,48423
142,500	0,46414
142,550	0,44179
142,600	0,41782
142,650	0,39547
142,700	0,37120
142,750	0,34599
142,800	0,32407
142,850	0,30473
142,900	0,28831
142,950	0,27551
143,000	0,26701
143,050	0,26247
143,100	0,26240
143,150	0,26681
143,200	0,27551
143,250	0,28817
143,300	0,30444
143,350	0,32380
143,400	0,34590
143,450	0,37103
143,500	0,39368
143,550	0,41756
143,600	0,44129
143,650	0,46369
143,700	0,48369
143,750	0,50115
143,800	0,51514
143,850	0,52682
143,900	0,53298
143,950	0,53466
144,000	0,53208
144,050	0,52374
144,100	0,51265
144,150	0,49829
144,200	0,48028
144,250	0,45985
144,300	0,43714
144,350	0,41316
144,400	0,39120
144,450	0,36513
144,500	0,34184
144,550	0,32044
144,600	0,30162
144,650	0,28606
144,700	0,27412
144,750	0,26631
144,800	0,26263
144,850	0,26342
144,900	0,26869
144,950	0,27808
145,000	0,29143
145,050	0,30821
145,100	0,32810
145,150	0,35019
145,200	0,37549
145,250	0,39832
145,300	0,42203
145,350	0,44561
145,400	0,46731
145,450	0,48698
145,500	0,50374
145,550	0,51727
145,600	0,52646
145,650	0,53318
145,700	0,53400
145,750	0,53051
145,800	0,52312
145,850	0,50974
145,900	0,49469
145,950	0,47633
146,000	0,45537
146,050	0,43267
146,100	0,40851
146,150	0,38653
146,200	0,36135
146,250	0,33787
146,300	0,31698
146,350	0,29885
146,400	0,28398
146,450	0,27273
146,500	0,26578
146,550	0,26296
146,600	0,26461
146,650	0,27074
146,700	0,28082
146,750	0,29468
146,800	0,31215
146,850	0,33256
146,900	0,35465
146,950	0,38031
147,000	0,40261
147,050	0,42650
147,100	0,44957
147,150	0,47093
147,200	0,48992
147,250	0,50582
147,300	0,51863
147,350	0,52860
147,400	0,53303
147,450	0,53316
147,500	0,52903
147,550	0,51931
147,600	0,50666
147,650	0,49091
147,700	0,47221
147,750	0,45090
147,800	0,42801
147,850	0,40403
147,900	0,38202
147,950	0,35826
148,000	0,33407
148,050	0,31370
148,100	0,29608
148,150	0,28190
148,200	0,27169
148,250	0,26543
148,300	0,26346
148,350	0,26598
148,400	0,27279
148,450	0,28373
148,500	0,29828
148,550	0,31627
148,600	0,33681
148,650	0,36121
148,700	0,38513
148,750	0,40690
148,800	0,43098
148,850	0,45370
148,900	0,47456
148,950	0,49286
149,000	0,50826
149,050	0,52002
149,100	0,52930
149,150	0,53306
149,200	0,53215
149,250	0,52735
149,300	0,51639
149,350	0,50358
149,400	0,48731
149,450	0,46808
149,500	0,44660
149,550	0,42332
149,600	0,40132
149,650	0,37740
149,700	0,35219
149,750	0,33028
149,800	0,31042
149,850	0,29366
149,900	0,28017
149,950	0,27064
150,000	0,26524
150,050	0,26414
150,100	0,26751
150,150	0,27501
150,200	0,28664
150,250	0,30188
150,300	0,32022
150,350	0,34113
150,400	0,36410
150,450	0,38977
150,500	0,41155
150,550	0,43511
150,600	0,45750
150,650	0,47784
150,700	0,49562
150,750	0,51065
150,800	0,52284
150,850	0,52985
150,900	0,53257
150,950	0,53102
151,000	0,52387
151,050	0,51400
151,100	0,50032
151,150	0,48353
151,200	0,46396
151,250	0,44195
151,300	0,41869
151,350	0,39578
151,400	0,37292
151,450	0,34804
151,500	0,32665
151,550	0,30731
151,600	0,29124
151,650	0,27844
151,700	0,26977
151,750	0,26523
151,800	0,26499
151,850	0,26905
151,900	0,27741
151,950	0,28973
152,000	0,30548
152,050	0,32433
152,100	0,34592
152,150	0,37032
152,200	0,39424
152,250	0,41602
152,300	0,43942
152,350	0,46129
152,400	0,48112
152,450	0,49823
152,500	0,51208
152,550	0,52248
152,600	0,53005
152,650	0,53189
152,700	0,52979
152,750	0,52325
152,800	0,51127
152,850	0,49689
152,900	0,47958
152,950	0,45948
153,000	0,43748
153,050	0,41383
153,100	0,39236
153,150	0,36860
153,200	0,34408
153,250	0,32285
153,300	0,30420
153,350	0,28864
153,400	0,27688
153,450	0,26889
153,500	0,26521
153,550	0,26583
153,600	0,27076
153,650	0,27980
153,700	0,29281
153,750	0,30908
153,800	0,32845
153,850	0,35003
153,900	0,37500
153,950	0,39695
154,000	0,42032
154,050	0,44338
154,100	0,46491
154,150	0,48423
154,200	0,50079
154,250	0,51542
154,300	0,52336
154,350	0,53029
154,400	0,52986
154,450	0,52672
154,500	0,51925
154,550	0,50854
154,600	0,49329
154,650	0,47545
154,700	0,45519
154,750	0,43283
154,800	0,40918
154,850	0,38774
154,900	0,36253
154,950	0,34011
155,000	0,31939
155,050	0,30143
155,100	0,28656
155,150	0,27548
155,200	0,26836
155,250	0,26554
155,300	0,26703
155,350	0,27264
155,400	0,28237
155,450	0,29589
155,500	0,31285
155,550	0,33274
155,600	0,35432
155,650	0,37946
155,700	0,40142
155,750	0,42480
155,800	0,44751
155,850	0,46853
155,900	0,48735
155,950	0,50309
156,000	0,51535
156,050	0,52584
156,100	0,53027
156,150	0,53074
156,200	0,52695
156,250	0,51757
156,300	0,50545
156,350	0,49004
156,400	0,47167
156,450	0,45106
156,500	0,42852
156,550	0,40505
156,600	0,38343
156,650	0,35821
156,700	0,33648
156,750	0,31628
156,800	0,29884
156,850	0,28466
156,900	0,27444
156,950	0,26801
157,000	0,26605
157,050	0,26822
157,100	0,27469
157,150	0,28511
157,200	0,29932
157,250	0,31680
157,300	0,33682
157,350	0,36088
157,400	0,38429
157,450	0,40554
157,500	0,42910
157,550	0,45147
157,600	0,47216
157,650	0,49029
157,700	0,50532
157,750	0,51781
157,800	0,52655
157,850	0,53030
157,900	0,52978
157,950	0,52362
158,000	0,51661
158,050	0,50219
158,100	0,48625
158,150	0,46773
158,200	0,44659
158,250	0,42386
158,300	0,40075
158,350	0,37894
158,400	0,35425
158,450	0,33234
158,500	0,31283
158,550	0,29607
158,600	0,28275
158,650	0,27322
158,700	0,26765
158,750	0,26638
158,800	0,26941
158,850	0,27674
158,900	0,28785
158,950	0,30275
159,000	0,32057
159,050	0,34115
159,100	0,36360
159,150	0,38858
159,200	0,41001
159,250	0,43340
159,300	0,45544
159,350	0,47544
159,400	0,49305
159,450	0,50777
159,500	0,51854
159,550	0,52568
159,600	0,53002
159,650	0,52717
159,700	0,52216
159,750	0,51209
159,800	0,49893
159,850	0,48248
159,900	0,46343
159,950	0,44211
160,000	0,41917
160,050	0,39769
160,100	0,37426
160,150	0,35099
160,200	0,32854
160,250	0,30954
160,300	0,29365
160,350	0,28102
160,400	0,27218
160,450	0,26747
160,500	0,26705
160,550	0,27094
160,600	0,27896
160,650	0,29076
160,700	0,30617
160,750	0,32468
160,800	0,34577
160,850	0,36911
160,900	0,39322
160,950	0,41448
161,000	0,43754
161,050	0,45906
161,100	0,47873
161,150	0,49548
161,200	0,50917
161,250	0,51925
161,300	0,52570
161,350	0,52931
161,400	0,52726
161,450	0,51924
161,500	0,50901
161,550	0,49533
161,600	0,47836
161,650	0,45878
161,700	0,43729
161,750	0,41417
161,800	0,39289
161,850	0,36840
161,900	0,34545
161,950	0,32474
162,000	0,30643
162,050	0,29105
162,100	0,27928
162,150	0,27130
162,200	0,26763
162,250	0,26790
162,300	0,27265
162,350	0,28136
162,400	0,29402
162,450	0,30995
162,500	0,32880
162,550	0,34986
162,600	0,37446
162,650	0,39751
162,700	0,41895
162,750	0,44167
162,800	0,46286
162,850	0,48184
162,900	0,49808
162,950	0,51121
163,000	0,52222
163,050	0,52713
163,100	0,52882
163,150	0,52602
163,200	0,51914
163,250	0,50645
163,300	0,49207
163,350	0,47475
163,400	0,45483
163,450	0,43299
163,500	0,40986
163,550	0,38873
163,600	0,36549
163,650	0,34148
163,700	0,32128
163,750	0,30367
163,800	0,28897
163,850	0,27789
163,900	0,27077
163,950	0,26779
164,000	0,26892
164,050	0,27436
164,100	0,28393
164,150	0,29710
164,200	0,31355
164,250	0,33292
164,300	0,35416
164,350	0,37878
164,400	0,40040
164,450	0,42343
164,500	0,44580
164,550	0,46665
164,600	0,48511
164,650	0,50085
164,700	0,51316
164,750	0,52188
164,800	0,52648
164,850	0,52696
164,900	0,52312
164,950	0,51549
165,000	0,50388
165,050	0,48899
165,100	0,47115
165,150	0,45088
165,200	0,42868
165,250	0,40555
165,300	0,38459
165,350	0,36152
165,400	0,33802
165,450	0,31817
165,500	0,30107
165,550	0,28724
165,600	0,27685
165,650	0,27059
165,700	0,26829
165,750	0,27046
165,800	0,27658
165,850	0,28684
165,900	0,30070
165,950	0,31766
166,000	0,33735
166,050	0,36089
166,100	0,38395
166,150	0,40486
166,200	0,42808
166,250	0,45011
166,300	0,47045
166,350	0,48823
166,400	0,50328
166,450	0,51491
166,500	0,52259
166,550	0,52667
166,600	0,52642
166,650	0,52337
166,700	0,51309
166,750	0,50115
166,800	0,48538
166,850	0,46720
166,900	0,44658
166,950	0,42420
167,000	0,40126
167,050	0,37997
167,100	0,35562
167,150	0,33423
167,200	0,31489
167,250	0,29848
167,300	0,28516
167,350	0,27563
167,400	0,27023
167,450	0,26879
167,500	0,27165
167,550	0,27863
167,600	0,28958
167,650	0,30395
167,700	0,32161
167,750	0,34167
167,800	0,36360
167,850	0,38824
167,900	0,40933
167,950	0,43221
168,000	0,45390
168,050	0,47373
168,100	0,49100
168,150	0,50519
168,200	0,51614
168,250	0,52314
168,300	0,52614
168,350	0,52671
168,400	0,51972
168,450	0,51053
168,500	0,49790
168,550	0,48161
168,600	0,46290
168,650	0,44193
168,700	0,41950
168,750	0,39854
168,800	0,37566
168,850	0,35131
168,900	0,33042
168,950	0,31178
169,000	0,29588
169,050	0,28343
169,100	0,27476
169,150	0,27005
169,200	0,26946
169,250	0,27319
169,300	0,28086
169,350	0,29249
169,400	0,30756
169,450	0,32555
169,500	0,34613
169,550	0,36825
169,600	0,39271
169,650	0,41363
169,700	0,43634
169,750	0,45752
169,800	0,47701
169,850	0,49359
169,900	0,50723
169,950	0,51896
170,000	0,52365
170,050	0,52675
170,100	0,52406
170,150	0,51944
170,200	0,50815
170,250	0,49446
170,300	0,47784
170,350	0,45860
170,400	0,43745
170,450	0,41485
170,500	0,39388
170,550	0,37117
170,600	0,34734
170,650	0,32680
170,700	0,30866
170,750	0,29363
170,800	0,28169
170,850	0,27388
170,900	0,27003
170,950	0,27031
171,000	0,27472
171,050	0,28325
171,100	0,29540
171,150	0,31098
171,200	0,32950
171,250	0,35022
171,300	0,37429
171,350	0,39718
171,400	0,41793
171,450	0,44030
171,500	0,46114
171,550	0,48013
171,600	0,49602
171,650	0,50884
171,700	0,51838
171,750	0,52525
171,800	0,52680
171,850	0,52258
171,900	0,51563
171,950	0,50506
172,000	0,49103
172,050	0,47406
172,100	0,45448
172,150	0,43298
172,200	0,41020
172,250	0,38962
172,300	0,36510
172,350	0,34354
172,400	0,32335
172,450	0,30573
172,500	0,29138
172,550	0,28048
172,600	0,27318
172,650	0,27019
172,700	0,27133
172,750	0,27660
172,800	0,28582
172,850	0,29866
172,900	0,31476
172,950	0,33362
173,000	0,35451
173,050	0,37879
173,100	0,39989
173,150	0,42241
173,200	0,44444
173,250	0,46477
173,300	0,48306
173,350	0,49844
173,400	0,51112
173,450	0,51908
173,500	0,52544
173,550	0,52609
173,600	0,52247
173,650	0,51324
173,700	0,50215
173,750	0,48760
173,800	0,47011
173,850	0,45018
173,900	0,42850
173,950	0,40571
174,000	0,38530
174,050	0,36114
174,100	0,33957
174,150	0,31989
174,200	0,30313
174,250	0,28930
174,300	0,27909
174,350	0,27265
174,400	0,27053
174,450	0,27235
174,500	0,27848
174,550	0,28839
174,600	0,30191
174,650	0,31870
174,700	0,33787
174,750	0,36090
174,800	0,38344
174,850	0,40401
174,900	0,42671
174,950	0,44840
175,000	0,46839
175,050	0,48617
175,100	0,50105
175,150	0,51232
175,200	0,52032
175,250	0,52549
175,300	0,52459
175,350	0,51932
175,400	0,51191
175,450	0,49924
175,500	0,48417
175,550	0,46615
175,600	0,44587
175,650	0,42402
175,700	0,40159
175,750	0,38061
175,800	0,35858
175,850	0,33577
175,900	0,31678
175,950	0,30054
176,000	0,28740
176,050	0,27787
176,100	0,27247
176,150	0,27103
176,200	0,27389
176,250	0,28053
176,300	0,29113
176,350	0,30534
176,400	0,32247
176,450	0,34237
176,500	0,36378
176,550	0,38809
176,600	0,40848
176,650	0,43101
176,700	0,45236
176,750	0,47184
176,800	0,48894
176,850	0,50313
176,900	0,51406
176,950	0,52143
177,000	0,52395
177,050	0,52268
177,100	0,51818
177,150	0,50881
177,200	0,49616
177,250	0,48057
177,300	0,46220
177,350	0,44157
177,400	0,41967
177,450	0,39905
177,500	0,37633
177,550	0,35285
177,600	0,33197
177,650	0,31367
177,700	0,29794
177,750	0,28566
177,800	0,27699
177,850	0,27228
177,900	0,27170
177,950	0,27525
178,000	0,28275
178,050	0,29404
178,100	0,30877
178,150	0,32642
178,200	0,34648
178,250	0,36845
178,300	0,39132
178,350	0,41295
178,400	0,43532
178,450	0,45633
178,500	0,47530
178,550	0,49171
178,600	0,50504
178,650	0,51508
178,700	0,52304
178,750	0,52343
178,800	0,52257
178,850	0,51578
178,900	0,50606
178,950	0,49308
179,000	0,47679
179,050	0,45807
179,100	0,43727
179,150	0,41501
179,200	0,39474
179,250	0,37220
179,300	0,34853
179,350	0,32851
179,400	0,31073
179,450	0,29569
179,500	0,28410
179,550	0,27630
179,600	0,27227
179,650	0,27255
179,700	0,27696
179,750	0,28515
179,800	0,29712
179,850	0,31254
179,900	0,33054
179,950	0,35074
180,000	0,37464
180,050	0,39702
